35 11 7
0 43 44 46 36 26 54 29 35 52 41 40 30 40 32 33 42 38 19 47 48 49 32 25 45 22 34 47 29 31 46 28 23 29 33 
43 0 39 39 30 48 34 35 31 30 27 33 28 29 25 36 16 42 38 34 47 31 39 18 13 34 27 22 27 47 33 42 35 30 23 
44 39 0 34 39 27 41 35 35 35 41 27 27 20 29 22 23 33 25 39 31 27 34 27 36 45 22 22 31 13 10 37 44 32 45 
46 39 34 0 29 28 41 37 49 24 42 39 35 26 32 45 23 30 27 39 42 34 24 26 42 43 12 31 37 39 24 48 45 19 39 
36 30 39 29 0 30 37 30 33 44 28 28 28 29 23 41 37 21 20 30 41 13 31 12 35 14 26 32 18 28 38 41 23 10 10 
26 48 27 28 30 0 48 20 44 43 24 36 48 39 23 48 36 43 10 38 39 43 23 39 37 39 25 47 30 22 37 46 49 20 40 
54 34 41 41 37 48 0 48 20 32 45 32 30 34 38 44 18 35 38 13 27 45 41 29 35 51 29 30 45 42 35 37 32 33 43 
29 35 35 37 30 20 48 0 44 43 44 36 42 39 23 42 36 50 10 38 23 43 23 39 34 39 25 47 30 22 37 27 52 20 40 
35 31 35 49 33 44 20 44 0 43 32 29 46 32 29 42 38 19 34 33 34 46 45 45 18 34 46 39 32 22 45 45 12 42 23 
52 30 35 24 44 43 32 43 43 0 36 31 26 32 25 27 14 36 33 30 35 32 30 32 43 41 18 13 38 45 30 54 31 38 44 
41 27 41 42 28 24 45 44 32 36 0 33 36 21 33 37 41 19 34 36 35 37 42 16 14 42 30 23 29 46 37 39 34 38 38 
40 33 27 39 28 36 32 36 29 31 33 0 29 18 35 13 17 14 26 19 39 21 38 40 34 29 28 27 29 14 25 38 17 36 18 
30 28 27 35 28 48 30 42 46 26 36 29 0 15 32 42 12 27 38 43 19 22 35 37 31 41 23 39 26 40 17 37 42 38 30 
40 29 20 26 29 39 34 39 32 32 21 18 15 0 35 31 25 13 29 35 30 37 22 28 16 43 14 36 11 32 26 22 28 25 36 
32 25 29 32 23 23 38 23 29 25 33 35 32 35 0 25 32 44 13 33 27 36 26 20 38 16 21 38 33 25 19 43 40 13 27 
33 36 22 45 41 48 44 42 42 27 37 13 42 31 25 0 30 27 38 31 52 33 33 45 35 41 35 14 39 27 32 29 30 38 31 
42 16 23 23 37 36 18 36 38 14 41 17 12 25 32 30 0 31 26 31 31 34 23 25 29 46 11 27 36 31 17 40 34 36 35 
38 42 33 30 21 43 35 50 19 36 19 14 27 13 44 27 31 0 40 22 43 34 35 33 29 35 27 23 24 28 28 26 15 31 28 
19 38 25 27 20 10 38 10 34 33 34 26 38 29 13 38 26 40 0 28 29 33 13 29 27 29 15 37 20 12 27 36 42 10 30 
47 34 39 39 30 38 13 38 33 30 36 19 43 35 33 31 31 22 28 0 40 36 40 42 22 44 28 17 42 33 40 48 36 20 37 
48 47 31 42 41 39 27 23 34 35 35 39 19 30 27 52 31 43 29 40 0 32 38 29 46 43 30 48 41 41 21 30 46 35 46 
49 31 27 34 13 43 45 43 46 32 37 21 22 37 36 33 34 34 33 36 32 0 39 25 44 27 39 19 31 35 37 54 36 23 23 
32 39 34 24 31 23 41 23 45 30 42 38 35 22 26 33 23 35 13 40 38 39 0 26 38 42 12 34 13 25 24 39 50 23 37 
25 18 27 26 12 39 29 39 45 32 16 40 37 28 20 45 25 33 29 42 29 25 26 0 30 26 14 36 30 40 26 45 35 22 22 
45 13 36 42 35 37 35 34 18 43 14 34 31 16 38 35 29 29 27 22 46 44 38 30 0 36 30 35 27 39 42 29 22 37 25 
22 34 45 43 14 39 51 39 34 41 42 29 41 43 16 41 46 35 29 44 43 27 42 26 36 0 37 46 32 41 35 27 24 24 11 
34 27 22 12 26 25 29 25 46 18 30 28 23 14 21 35 11 27 15 28 30 39 12 14 30 37 0 22 25 27 12 36 41 25 36 
47 22 22 31 32 47 30 47 39 13 23 27 39 36 38 14 27 23 37 17 48 19 34 36 35 46 22 0 25 35 32 43 38 37 42 
29 27 31 37 18 30 45 30 32 38 29 29 26 11 33 39 36 24 20 42 41 31 13 30 27 32 25 25 0 32 37 33 39 28 28 
31 47 13 39 28 22 42 22 22 45 46 14 40 32 25 27 31 28 12 33 41 35 25 40 39 41 27 35 32 0 23 24 31 22 32 
46 33 10 24 38 37 35 37 45 30 37 25 17 26 19 32 17 28 27 40 21 37 24 26 42 35 12 32 37 23 0 47 42 32 43 
28 42 37 48 41 46 37 27 45 54 39 38 37 22 43 29 40 26 36 48 30 54 39 45 29 27 36 43 33 24 47 0 41 46 38 
23 35 44 45 23 49 32 52 12 31 34 17 42 28 40 30 34 15 42 36 46 36 50 35 22 24 41 38 39 31 42 41 0 33 13 
29 30 32 19 10 20 33 20 42 38 38 36 38 25 13 38 36 31 10 20 35 23 23 22 37 24 25 37 28 22 32 46 33 0 20 
33 23 45 39 10 40 43 40 23 44 38 18 30 36 27 31 35 28 30 37 46 23 37 22 25 11 36 42 28 32 43 38 13 20 0 
30 32 29 34 30 34 30 
29 29 29 32 33 28 27 
28 33 29 29 32 30 29 
33 29 28 30 29 31 31 
32 30 33 26 33 34 32 
32 34 28 28 26 28 30 
32 30 34 28 28 33 28 
34 32 34 34 28 33 31 
31 28 31 26 30 33 27 
32 26 33 29 29 34 32 
33 32 32 29 29 34 34 
32 27 32 32 32 28 32 
33 32 32 29 29 28 34 
30 28 30 29 31 26 34 
34 33 26 26 31 28 33 
27 30 28 29 26 27 26 
26 31 31 33 26 30 29 
26 33 28 34 30 31 29 
29 34 28 31 33 27 26 
27 28 26 29 29 27 34 
27 31 33 27 29 28 33 
30 31 33 33 34 26 27 
29 26 33 28 34 29 32 
29 33 26 32 29 26 28 
30 29 27 33 28 31 33 
29 34 29 33 29 32 33 
27 32 31 30 28 32 30 
33 33 32 28 26 30 33 
33 30 28 33 32 28 33 
30 31 32 32 29 28 31 
28 26 31 31 26 27 34 
30 28 28 29 26 30 33 
32 29 34 28 27 27 33 
26 34 28 33 29 26 26 
34 29 31 26 34 28 27 
1 1 1 1 1 1 1 
1 1 1 1 1 1 1 
1 1 1 1 1 1 1 
1 1 1 1 1 1 1 
1 1 1 1 1 1 1 
1 1 1 1 1 1 1 
1 1 1 1 1 1 1 
1 1 1 1 1 1 1 
1 1 1 1 1 1 1 
1 1 1 1 1 1 1 
1 1 1 1 1 1 1 
1 1 1 1 1 1 1 
1 1 1 1 1 1 1 
1 1 1 1 1 1 1 
1 1 1 1 1 1 1 
1 1 1 1 1 1 1 
1 1 1 1 1 1 1 
1 1 1 1 1 1 1 
1 1 1 1 1 1 1 
1 1 1 1 1 1 1 
1 1 1 1 1 1 1 
1 1 1 1 1 1 1 
1 1 1 1 1 1 1 
1 1 1 1 1 1 1 
1 1 1 1 1 1 1 
1 1 1 1 1 1 1 
1 1 1 1 1 1 1 
1 1 1 1 1 1 1 
1 1 1 1 1 1 1 
1 1 1 1 1 1 1 
1 1 1 1 1 1 1 
1 1 1 1 1 1 1 
1 1 1 1 1 1 1 
1 1 1 1 1 1 1 
1 1 1 1 1 1 1 
0 0 1 0 1 1 1 
1 0 1 1 0 1 1 
1 1 1 1 1 0 1 
0 0 0 1 1 0 0 
0 1 1 1 0 0 0 
1 1 1 1 1 1 0 
0 0 1 0 0 0 0 
1 1 1 1 1 0 1 
0 0 0 0 0 1 0 
0 0 0 0 0 0 1 
0 0 1 0 0 0 0 
0 1 1 1 0 0 0 
0 0 1 1 0 1 1 
1 1 0 0 0 1 0 
0 0 0 0 1 0 1 
1 1 0 1 0 0 1 
0 1 0 1 1 0 0 
1 0 0 1 1 1 0 
1 1 1 1 1 1 1 
1 1 1 1 1 1 1 
1 1 1 1 1 1 1 
1 1 0 1 1 1 1 
0 1 0 1 1 1 1 
0 0 1 1 1 0 1 
0 1 0 0 1 0 0 
0 0 1 0 1 0 1 
1 0 0 1 1 0 1 
1 1 1 1 1 0 1 
1 0 1 0 0 1 0 
1 1 1 1 1 1 1 
1 0 0 0 0 0 0 
1 1 1 1 0 1 0 
1 1 0 0 0 1 1 
1 1 1 1 1 1 0 
1 0 1 0 0 1 1 
1 0 1 0 1 1 1 
1 1 1 1 1 1 1 
1 1 1 1 1 1 1 
0 1 1 1 1 0 1 
1 0 0 1 1 1 1 
1 1 1 1 1 1 1 
1 0 0 1 1 1 1 
0 0 0 0 0 0 1 
1 1 1 0 0 1 1 
1 1 1 0 0 0 0 
0 0 0 0 0 0 0 
0 1 1 1 1 1 1 
1 0 0 1 1 1 0 
1 1 1 1 1 1 1 
1 1 0 1 1 1 0 
0 1 1 1 1 1 1 
1 1 1 1 0 1 1 
0 1 0 0 0 0 1 
1 0 0 1 1 0 0 
1 0 1 1 0 0 1 
1 1 1 1 1 1 1 
1 1 0 0 0 0 0 
0 0 0 1 0 1 1 
0 0 0 0 0 0 1 
0 0 0 0 0 0 0 
0 1 1 0 0 0 1 
1 0 1 1 0 0 0 
0 0 0 1 0 1 0 
0 0 0 0 0 0 1 
1 1 0 1 1 1 0 
0 0 0 0 0 0 0 
1 0 0 1 0 1 0 
1 1 1 1 1 1 1 
0 0 0 0 0 0 0 
0 1 0 1 1 1 0 
0.3
0.3
0.3
0.3
0.3
0.3
0.3
