40 4 8
0 27 26 49 29 29 31 16 28 31 22 31 38 38 36 35 49 16 38 34 36 16 29 26 51 15 20 27 36 43 34 47 37 20 10 17 25 40 39 27 
27 0 12 29 42 29 24 16 31 22 34 31 44 32 31 32 35 11 25 22 12 43 32 12 37 18 27 33 43 29 29 41 42 37 33 37 28 28 45 30 
26 12 0 23 40 41 22 28 34 34 22 29 44 44 27 30 23 23 20 10 10 42 35 24 33 21 26 24 43 23 41 29 41 25 34 33 31 26 42 34 
49 29 23 0 31 41 32 45 50 45 45 20 46 34 46 40 23 40 30 33 33 48 43 39 13 44 47 47 34 45 48 51 24 29 51 43 40 32 25 32 
29 42 40 31 0 33 24 36 32 34 23 11 40 21 40 49 38 34 21 31 30 20 24 30 40 37 22 39 25 40 35 39 31 22 30 12 31 27 43 23 
29 29 41 41 33 0 36 13 21 41 36 22 37 37 19 21 38 30 32 36 41 18 31 31 28 24 38 29 23 47 12 34 42 32 35 40 32 42 16 10 
31 24 22 32 24 36 0 40 34 32 25 31 38 28 17 32 24 35 25 32 12 43 25 24 34 35 20 28 45 32 45 19 19 42 30 14 30 28 42 34 
16 16 28 45 36 13 40 0 34 38 38 26 50 24 31 34 34 27 22 32 28 31 27 28 41 28 36 42 27 41 25 38 34 36 26 33 31 38 29 14 
28 31 34 50 32 21 34 34 0 34 15 32 47 43 22 39 41 36 37 27 38 29 26 24 37 13 29 32 18 39 33 50 33 37 38 20 12 37 37 27 
31 22 34 45 34 41 32 38 34 0 33 25 30 40 41 35 37 21 35 28 25 38 34 10 36 21 12 30 39 27 39 40 45 36 21 22 29 26 34 35 
22 34 22 45 23 36 25 38 15 33 0 32 39 44 29 26 43 37 22 12 32 38 23 30 41 28 21 25 33 41 44 41 44 27 29 11 27 34 40 28 
31 31 29 20 11 22 31 26 32 25 32 0 49 15 29 39 39 23 10 20 19 31 35 19 29 26 33 34 14 29 34 33 25 11 40 23 20 35 38 12 
38 44 44 46 40 37 38 50 47 30 39 49 0 47 47 53 43 33 39 43 34 44 40 40 33 45 18 36 54 44 49 57 54 58 28 28 35 50 21 47 
38 32 44 34 21 37 28 24 43 40 44 15 47 0 44 39 37 35 25 35 34 34 37 34 31 34 29 45 29 31 29 18 10 26 28 33 35 26 26 27 
36 31 27 46 40 19 17 31 22 41 29 29 47 44 0 17 34 20 27 17 29 30 26 32 33 23 29 11 30 32 28 36 36 32 28 31 13 37 35 17 
35 32 30 40 49 21 32 34 39 35 26 39 53 39 17 0 17 37 33 29 20 39 39 25 27 36 36 28 44 39 33 51 48 44 45 37 30 28 37 31 
49 35 23 23 38 38 24 34 41 37 43 39 43 37 34 17 0 46 29 33 27 35 22 27 10 36 43 27 33 22 45 35 31 45 44 34 46 11 22 46 
16 11 23 40 34 30 35 27 36 21 37 23 33 35 20 37 46 0 33 31 23 32 28 23 48 23 16 31 37 37 18 50 45 34 26 26 33 39 38 35 
38 25 20 30 21 32 25 22 37 35 22 10 39 25 27 33 29 33 0 10 13 41 39 28 19 36 29 24 24 19 43 32 27 20 30 33 30 29 31 22 
34 22 10 33 31 36 32 32 27 28 12 20 43 35 17 29 33 31 10 0 20 47 29 18 29 29 32 14 34 29 33 39 37 15 31 23 30 23 41 32 
36 12 10 33 30 41 12 28 38 25 32 19 34 34 29 20 27 23 13 20 0 43 27 15 32 25 16 34 33 32 40 31 31 30 26 26 33 16 38 31 
16 43 42 48 20 18 43 31 29 38 38 31 44 34 30 39 35 32 41 47 43 0 26 38 35 27 27 34 41 44 30 51 24 36 17 32 17 37 23 28 
29 32 35 43 24 31 25 27 26 34 23 35 40 37 26 39 22 28 39 29 27 26 0 25 30 14 22 15 34 36 34 42 38 44 30 12 24 11 42 28 
26 12 24 39 30 31 24 28 24 10 30 19 40 34 32 25 27 23 28 18 15 38 25 0 26 11 22 21 33 17 40 30 35 30 31 32 21 16 38 25 
51 37 33 13 40 28 34 41 37 36 41 29 33 31 33 27 10 48 19 29 32 35 30 26 0 37 34 37 23 32 35 45 21 35 44 42 46 19 12 36 
15 18 21 44 37 24 35 28 13 21 28 26 45 34 23 36 36 23 36 29 25 27 14 11 37 0 27 29 27 28 36 37 24 35 25 26 10 25 40 14 
20 27 26 47 22 38 20 36 29 12 21 33 18 29 29 36 43 16 29 32 16 27 22 22 34 27 0 18 36 39 34 39 37 40 10 10 17 32 22 41 
27 33 24 47 39 29 28 42 32 30 25 34 36 45 11 28 27 31 24 14 34 34 15 21 37 29 18 0 41 21 19 34 44 29 17 27 24 26 40 28 
36 43 43 34 25 23 45 27 18 39 33 14 54 29 30 44 33 37 24 34 33 41 34 33 23 27 36 41 0 43 35 37 39 25 26 37 30 23 35 13 
43 29 23 45 40 47 32 41 39 27 41 29 44 31 32 39 22 37 19 29 32 44 36 17 32 28 39 21 43 0 40 13 40 39 38 40 27 33 44 37 
34 29 41 48 35 12 45 25 33 39 44 34 49 29 28 33 45 18 43 33 40 30 34 40 35 36 34 19 35 40 0 46 39 44 36 44 41 40 28 22 
47 41 29 51 39 34 19 38 50 40 41 33 57 18 36 51 35 50 32 39 31 51 42 30 45 37 39 34 37 13 46 0 27 44 46 30 40 44 37 24 
37 42 41 24 31 42 19 34 33 45 44 25 54 10 36 48 31 45 27 37 31 24 38 35 21 24 37 44 39 40 39 27 0 36 27 33 34 36 33 37 
20 37 25 29 22 32 42 36 37 36 27 11 58 26 32 44 45 34 20 15 30 36 44 30 35 35 40 29 25 39 44 44 36 0 30 34 31 38 47 23 
10 33 34 51 30 35 30 26 38 21 29 40 28 28 28 45 44 26 30 31 26 17 30 31 44 25 10 17 26 38 36 46 27 30 0 18 27 41 32 37 
17 37 33 43 12 40 14 33 20 22 11 23 28 33 31 37 34 26 33 23 26 32 12 32 42 26 10 27 37 40 44 30 33 34 18 0 27 23 32 35 
25 28 31 40 31 32 30 31 12 29 27 20 35 35 13 30 46 33 30 30 33 17 24 21 46 10 17 24 30 27 41 40 34 31 27 27 0 35 39 24 
40 28 26 32 27 42 28 38 37 26 34 35 50 26 37 28 11 39 29 23 16 37 11 16 19 25 32 26 23 33 40 44 36 38 41 23 35 0 31 36 
39 45 42 25 43 16 42 29 37 34 40 38 21 26 35 37 22 38 31 41 38 23 42 38 12 40 22 40 35 44 28 37 33 47 32 32 39 31 0 26 
27 30 34 32 23 10 34 14 27 35 28 12 47 27 17 31 46 35 22 32 31 28 28 25 36 14 41 28 13 37 22 24 37 23 37 35 24 36 26 0 
34 32 30 33 38 39 39 37 
30 36 35 34 39 35 30 34 
35 38 33 34 34 32 35 36 
32 36 32 38 37 36 38 35 
38 35 36 30 39 39 34 37 
38 36 30 32 34 30 36 35 
31 34 39 32 39 32 31 32 
39 33 38 31 38 31 37 36 
35 34 30 35 30 31 36 32 
37 35 39 30 37 37 35 36 
38 33 32 33 38 31 33 35 
32 32 33 38 34 35 32 32 
32 38 35 30 38 31 31 30 
37 36 38 37 35 36 30 31 
32 30 33 35 34 34 32 39 
34 38 30 31 36 30 37 32 
31 33 35 31 32 37 30 39 
37 38 36 33 36 34 37 31 
33 36 37 36 30 39 33 33 
32 37 35 34 36 39 37 34 
37 36 34 35 39 34 37 39 
37 39 38 32 32 32 32 36 
30 36 34 32 35 30 30 31 
30 38 38 36 36 31 35 35 
36 34 36 36 30 34 34 31 
33 38 30 39 34 30 39 35 
38 35 34 33 39 36 33 37 
30 35 30 32 38 39 37 36 
33 31 35 31 32 36 39 30 
38 36 34 35 30 38 33 39 
33 32 34 34 35 33 30 36 
38 39 33 34 38 32 38 32 
34 32 33 34 32 32 35 36 
39 38 34 32 38 35 34 36 
33 33 34 34 37 33 38 32 
35 31 34 38 31 37 37 35 
34 30 32 33 39 39 30 34 
32 34 37 31 31 36 33 30 
32 35 38 30 31 36 39 37 
30 31 38 32 37 35 35 39 
1 1 1 1 1 1 1 1 
1 1 1 1 1 1 1 1 
1 1 1 1 1 1 1 1 
1 1 1 1 1 1 1 1 
1 1 1 1 1 1 1 1 
1 1 1 1 1 1 1 1 
1 1 1 1 1 1 1 1 
1 1 1 1 1 1 1 1 
1 1 1 1 1 1 1 1 
1 1 1 1 1 1 1 1 
1 1 1 1 1 1 1 1 
1 1 1 1 1 1 1 1 
1 1 1 1 1 1 1 1 
1 1 1 1 1 1 1 1 
1 1 1 1 1 1 1 1 
1 1 1 1 1 1 1 1 
1 1 1 1 1 1 1 1 
1 1 1 1 1 1 1 1 
1 1 1 1 1 1 1 1 
1 1 1 1 1 1 1 1 
1 1 1 1 1 1 1 1 
1 1 1 1 1 1 1 1 
1 1 1 1 1 1 1 1 
1 1 1 1 1 1 1 1 
1 1 1 1 1 1 1 1 
1 1 1 1 1 1 1 1 
1 1 1 1 1 1 1 1 
1 1 1 1 1 1 1 1 
1 1 1 1 1 1 1 1 
1 1 1 1 1 1 1 1 
1 1 1 1 1 1 1 1 
1 1 1 1 1 1 1 1 
1 1 1 1 1 1 1 1 
1 1 1 1 1 1 1 1 
1 1 1 1 1 1 1 1 
1 1 1 1 1 1 1 1 
1 1 1 1 1 1 1 1 
1 1 1 1 1 1 1 1 
1 1 1 1 1 1 1 1 
1 1 1 1 1 1 1 1 
1 0 0 1 1 1 0 0 
0 0 0 0 0 0 0 1 
0 1 1 1 0 0 0 1 
0 0 0 0 0 0 1 0 
0 1 1 1 1 1 1 1 
1 1 1 1 1 1 1 1 
0 1 1 0 1 1 0 1 
0 1 1 0 0 0 1 0 
1 1 0 0 0 0 0 0 
1 1 1 0 1 1 1 1 
1 1 1 1 1 1 1 1 
1 1 1 0 1 1 1 1 
1 1 1 1 1 1 1 1 
0 1 1 0 0 0 1 0 
0 0 0 0 0 0 1 0 
0 0 1 0 1 0 0 0 
1 1 1 1 1 1 1 1 
0 0 0 0 0 0 1 0 
0 0 0 1 0 0 0 0 
1 1 1 0 1 1 1 1 
0 0 0 0 0 0 0 1 
1 1 0 1 1 1 1 0 
1 1 1 0 1 1 1 1 
1 0 1 1 1 1 1 1 
1 1 1 0 1 1 0 0 
0 1 0 0 1 1 1 1 
0 0 1 1 0 1 1 0 
1 1 1 1 1 1 1 1 
1 0 1 0 0 0 1 1 
1 1 1 1 1 1 1 1 
0 0 0 0 0 1 0 0 
1 1 1 1 1 1 1 1 
0 1 0 1 0 1 1 1 
1 1 1 1 1 1 1 1 
1 1 1 1 1 1 1 1 
1 0 0 0 1 1 1 1 
0 1 1 1 1 1 0 1 
1 1 0 0 1 1 0 1 
1 0 1 1 1 1 1 1 
0 1 0 0 0 0 0 0 
1 1 1 1 1 1 1 0 
0 1 1 1 1 1 1 1 
0 0 0 1 0 1 0 0 
1 1 1 1 1 1 1 1 
0 0 0 0 0 0 0 0 
0 1 0 0 0 0 0 0 
1 1 1 1 1 1 1 1 
1 0 1 1 1 1 0 1 
0 1 0 1 1 1 0 1 
0 0 1 0 0 0 0 0 
1 1 1 1 1 1 1 1 
0 1 0 1 1 1 1 0 
0 1 0 1 0 1 1 0 
0 0 0 0 0 0 0 0 
1 0 0 0 0 1 0 1 
0 0 0 0 0 0 0 0 
0 0 0 0 0 0 0 0 
1 0 0 0 0 0 0 0 
1 1 1 1 1 1 1 1 
1 0 1 0 0 1 1 1 
0 1 0 0 0 0 0 0 
0 0 0 0 0 0 1 0 
1 1 0 0 1 1 1 1 
0 1 0 1 0 0 0 0 
1 0 0 1 0 1 1 1 
1 0 0 0 0 0 1 1 
1 0 0 0 0 0 1 0 
0 0 1 0 1 0 0 0 
0 0 0 0 0 0 1 0 
1 1 0 1 1 1 1 0 
1 1 1 1 1 1 1 1 
0 1 0 1 0 1 1 0 
1 1 1 1 0 1 0 1 
1 1 1 0 1 1 1 1 
1 0 0 0 0 0 0 0 
0 0 0 0 0 0 0 0 
1 1 0 1 1 1 1 1 
0 1 1 1 1 1 1 1 
0 0 1 0 1 1 0 0 
1 1 1 1 0 1 1 1 
0.3
0.3
0.3
0.3
0.3
0.3
0.3
0.3
