35 7 3
0 48 33 39 10 29 23 13 45 35 21 46 34 31 12 27 29 39 29 39 47 33 45 27 44 29 42 21 46 39 23 50 46 42 46 
48 0 30 16 43 48 46 42 42 47 47 22 37 50 36 23 36 41 38 30 34 52 42 41 33 20 40 32 43 46 32 49 36 50 21 
33 30 0 16 41 36 36 42 12 17 27 47 29 34 21 33 26 20 32 27 42 33 12 36 30 38 15 39 29 24 35 24 28 32 34 
39 16 16 0 49 33 45 40 28 31 41 38 40 50 27 30 40 36 30 14 50 36 28 42 17 36 24 40 38 39 30 33 20 41 23 
10 43 41 49 0 19 33 19 50 42 28 51 31 38 22 20 30 38 35 36 47 39 38 37 34 23 46 11 43 31 20 42 42 43 46 
29 48 36 33 19 0 51 36 35 25 33 42 32 36 29 39 22 35 37 39 28 48 24 23 38 28 27 16 41 12 32 23 33 43 35 
23 46 36 45 33 51 0 31 34 47 33 29 25 43 34 23 35 16 15 48 29 29 40 29 48 38 32 44 38 45 36 28 40 25 32 
13 42 42 40 19 36 31 0 44 39 34 37 21 30 24 27 16 28 16 26 35 20 38 30 48 32 39 30 33 26 10 37 41 29 33 
45 42 12 28 50 35 34 44 0 29 32 57 40 22 33 30 36 18 30 39 30 24 24 44 18 50 26 41 40 36 44 12 25 38 43 
35 47 17 31 42 25 47 39 29 0 14 44 33 24 29 33 23 36 32 40 42 47 25 44 39 39 28 31 20 13 33 24 11 33 29 
21 47 27 41 28 33 33 34 32 14 0 45 28 10 33 24 24 30 18 27 43 43 34 32 40 29 21 17 34 22 34 35 25 38 35 
46 22 47 38 51 42 29 37 57 44 45 0 31 35 34 33 21 45 33 47 40 45 43 19 52 37 43 49 29 31 31 52 39 42 21 
34 37 29 40 31 32 25 21 40 33 28 31 0 24 25 40 10 22 10 27 25 33 17 24 46 26 33 32 34 20 11 31 35 31 27 
31 50 34 50 38 36 43 30 22 24 10 35 24 0 38 34 14 40 28 37 33 46 36 42 40 30 31 27 44 24 24 34 35 35 45 
12 36 21 27 22 29 34 24 33 29 33 34 25 38 0 15 24 33 22 30 35 40 33 15 44 17 36 29 37 32 14 43 37 45 39 
27 23 33 30 20 39 23 27 30 33 24 33 40 34 15 0 35 18 30 25 43 31 28 30 47 32 34 31 48 40 29 29 22 45 40 
29 36 26 40 30 22 35 16 36 23 24 21 10 14 24 35 0 32 20 26 19 35 22 34 36 16 23 28 33 10 10 37 31 21 37 
39 41 20 36 38 35 16 28 18 36 30 45 22 40 33 18 32 0 12 43 30 13 32 26 32 35 16 47 30 31 33 12 25 27 29 
29 38 32 30 35 37 15 16 30 32 18 33 10 28 22 30 20 12 0 37 26 25 27 14 44 23 28 35 39 30 21 21 25 39 17 
39 30 27 14 36 39 48 26 39 40 27 47 27 37 30 25 26 43 37 0 45 46 15 45 31 39 38 27 39 27 16 46 34 43 37 
47 34 42 50 47 28 29 35 30 42 43 40 25 33 35 43 19 30 26 45 0 43 41 40 47 35 42 44 52 29 29 18 31 40 43 
33 52 33 36 39 48 29 20 24 47 43 45 33 46 40 31 35 13 25 46 43 0 45 39 42 48 29 36 27 44 30 25 38 14 42 
45 42 12 28 38 24 40 38 24 25 34 43 17 36 33 28 22 32 27 15 41 45 0 41 38 38 27 27 41 12 28 36 33 43 22 
27 41 36 42 37 23 29 30 44 44 32 19 24 42 15 30 34 26 14 45 40 39 41 0 58 32 42 39 48 35 29 35 39 53 31 
44 33 30 17 34 38 48 48 18 39 40 52 46 40 44 47 36 32 44 31 47 42 38 58 0 35 37 23 23 26 41 29 37 36 40 
29 20 38 36 23 28 38 32 50 39 29 37 26 30 17 32 16 35 23 39 35 48 38 32 35 0 39 12 48 26 26 44 47 37 38 
42 40 15 24 46 27 32 39 26 28 21 43 33 31 36 34 23 16 28 38 42 29 27 42 37 39 0 38 14 15 33 28 36 17 36 
21 32 39 40 11 16 44 30 41 31 17 49 32 27 29 31 28 47 35 27 44 36 27 39 23 12 38 0 36 28 21 37 42 32 49 
46 43 29 38 43 41 38 33 40 20 34 29 34 44 37 48 33 30 39 39 52 27 41 48 23 48 14 36 0 29 23 38 31 13 22 
39 46 24 39 31 12 45 26 36 13 22 31 20 24 32 40 10 31 30 27 29 44 12 35 26 26 15 28 29 0 20 33 21 31 34 
23 32 35 30 20 32 36 10 44 33 34 31 11 24 14 29 10 33 21 16 29 30 28 29 41 26 33 21 23 20 0 32 41 31 38 
50 49 24 33 42 23 28 37 12 24 35 52 31 34 43 29 37 12 21 46 18 25 36 35 29 44 28 37 38 33 32 0 13 39 31 
46 36 28 20 42 33 40 41 25 11 25 39 35 35 37 22 31 25 25 34 31 38 33 39 37 47 36 42 31 21 41 13 0 34 18 
42 50 32 41 43 43 25 29 38 33 38 42 31 35 45 45 21 27 39 43 40 14 43 53 36 37 17 32 13 31 31 39 34 0 29 
46 21 34 23 46 35 32 33 43 29 35 21 27 45 39 40 37 29 17 37 43 42 22 31 40 38 36 49 22 34 38 31 18 29 0 
27 34 30 
27 31 30 
33 31 30 
27 33 28 
33 33 32 
26 30 31 
33 28 26 
29 27 27 
28 32 34 
31 29 32 
34 30 28 
29 28 32 
31 34 31 
29 29 30 
33 32 32 
34 31 33 
33 27 26 
26 27 33 
29 33 30 
34 31 26 
30 29 34 
30 26 26 
30 27 31 
32 34 31 
32 28 28 
28 28 32 
30 29 28 
33 31 26 
29 34 27 
26 26 34 
32 30 27 
31 26 29 
29 32 32 
33 26 34 
29 31 32 
1 1 1 
1 1 1 
1 1 1 
1 1 1 
1 1 1 
1 1 1 
1 1 1 
1 1 1 
1 1 1 
1 1 1 
1 1 1 
1 1 1 
1 1 1 
1 1 1 
1 1 1 
1 1 1 
1 1 1 
1 1 1 
1 1 1 
1 1 1 
1 1 1 
1 1 1 
1 1 1 
1 1 1 
1 1 1 
1 1 1 
1 1 1 
1 1 1 
1 1 1 
1 1 1 
1 1 1 
1 1 1 
1 1 1 
1 1 1 
1 1 1 
0 1 0 
1 1 1 
1 0 1 
1 0 0 
0 1 0 
0 1 1 
0 1 1 
0 1 1 
1 1 1 
1 0 0 
1 1 0 
1 1 1 
1 0 0 
1 1 1 
1 0 1 
1 1 0 
1 1 1 
0 0 1 
1 1 1 
0 1 1 
1 1 1 
1 1 1 
1 0 0 
0 1 1 
0 1 0 
1 1 1 
1 0 1 
0 1 0 
1 0 1 
0 1 1 
1 1 0 
1 1 1 
1 1 1 
1 1 0 
0 1 1 
1 1 1 
0 0 0 
1 1 1 
1 1 1 
0 1 1 
0 0 0 
1 1 0 
1 0 1 
0 0 0 
1 1 1 
1 1 1 
1 1 0 
0 0 1 
1 1 1 
0 0 0 
0 1 1 
0 1 0 
1 1 0 
0 1 0 
0 0 0 
1 1 1 
0 0 0 
1 1 1 
0 0 1 
0 0 1 
1 1 1 
0 0 0 
1 1 1 
1 1 0 
1 1 0 
1 1 0 
1 1 1 
1 1 1 
1 1 1 
1 1 1 
0.3
0.3
0.3
