50 10 10
0 13 12 37 25 32 40 19 27 35 34 28 34 25 35 36 20 33 23 38 30 16 27 24 32 27 34 31 13 29 34 19 31 36 28 35 19 39 26 24 32 25 24 12 24 23 30 43 37 26 
13 0 25 30 26 30 31 10 20 36 25 29 21 22 22 24 28 27 22 36 21 17 31 26 30 29 35 18 15 16 32 25 29 25 23 29 20 32 20 36 22 12 12 25 22 10 21 36 24 13 
12 25 0 44 33 29 37 31 25 30 38 40 42 13 39 24 16 29 35 40 27 28 36 24 34 38 28 33 25 38 36 31 34 42 26 23 30 37 38 19 26 37 32 24 35 35 42 40 46 38 
37 30 44 0 22 34 43 38 36 32 41 13 27 46 41 41 36 41 33 37 44 25 36 35 38 38 41 40 24 14 38 23 40 35 26 44 28 24 40 25 29 36 37 26 38 40 46 45 29 27 
25 26 33 22 0 29 38 26 32 36 36 35 46 45 28 48 17 35 35 23 28 38 36 40 16 20 35 34 34 36 38 41 38 42 26 43 16 29 31 39 31 36 25 37 37 36 37 27 20 39 
32 30 29 34 29 0 33 23 27 25 33 39 42 41 27 24 13 23 25 31 24 29 33 33 13 38 34 25 33 30 35 35 14 39 23 28 13 39 28 14 28 37 29 37 33 29 34 11 32 17 
40 31 37 43 38 33 0 21 36 30 36 34 31 45 22 29 21 39 38 44 10 29 27 38 39 24 33 30 37 29 29 41 19 33 17 33 26 31 35 19 37 42 28 44 32 34 32 44 34 33 
19 10 31 38 26 23 21 0 30 33 15 37 31 32 23 34 22 34 26 26 11 27 21 36 23 25 25 28 25 26 32 35 27 35 20 28 10 32 23 33 25 22 19 31 32 20 11 34 32 23 
27 20 25 36 32 27 36 30 0 44 34 32 18 36 22 31 15 34 17 25 26 37 21 25 31 28 25 33 14 36 28 27 22 20 31 34 37 12 20 41 22 32 27 31 32 10 31 16 33 33 
35 36 30 32 36 25 30 33 44 0 22 37 34 25 37 41 38 36 34 24 39 25 23 30 36 50 22 41 41 36 25 38 39 29 13 40 23 37 37 11 33 46 24 24 36 44 33 36 30 23 
34 25 38 41 36 33 36 15 34 22 0 32 34 42 27 19 34 32 28 41 26 34 19 42 33 40 39 30 34 27 22 22 19 29 29 29 25 40 34 33 12 33 18 42 31 24 26 44 33 38 
28 29 40 13 35 39 34 37 32 37 32 0 14 34 28 28 35 33 20 42 40 12 29 31 43 37 30 35 23 27 27 10 27 22 24 38 34 37 29 37 35 23 30 34 33 32 35 48 16 22 
34 21 42 27 46 42 31 31 18 34 34 14 0 38 30 18 33 28 24 40 40 26 15 43 30 43 39 29 32 37 13 15 28 33 25 28 35 30 15 38 23 28 33 29 38 18 25 34 30 26 
25 22 13 46 45 41 45 32 36 25 42 34 38 0 38 23 29 23 34 27 38 30 23 11 38 25 15 40 22 38 31 24 33 41 33 33 42 28 39 27 36 34 34 33 29 32 29 52 45 35 
35 22 39 41 28 27 22 23 22 37 27 28 30 38 0 23 23 27 31 27 12 28 28 31 30 26 23 24 23 30 20 23 13 25 28 26 18 33 22 26 15 23 27 25 13 12 33 38 12 35 
36 24 24 41 48 24 29 34 31 41 19 28 18 23 23 0 37 41 28 43 35 25 33 33 37 38 32 21 24 27 31 18 10 41 37 10 37 43 31 38 28 31 28 38 29 34 43 35 28 27 
20 28 16 36 17 13 21 22 15 38 34 35 33 29 23 37 0 36 26 26 11 23 36 31 26 25 21 38 20 22 31 36 27 35 27 38 26 27 35 27 37 40 16 32 36 25 33 24 31 30 
33 27 29 41 35 23 39 34 34 36 32 33 28 23 27 41 36 0 38 37 29 35 13 31 36 15 37 45 20 27 35 42 37 39 23 31 33 24 39 36 26 39 34 34 32 29 23 34 39 14 
23 22 35 33 35 25 38 26 17 34 28 20 24 34 31 28 26 38 0 29 37 30 25 30 28 45 29 40 31 28 11 10 32 37 21 38 24 29 28 34 21 23 10 14 26 27 15 33 25 34 
38 36 40 37 23 31 44 26 25 24 41 42 40 27 27 43 26 37 29 0 34 30 25 25 18 43 12 41 36 48 40 37 33 26 35 36 25 13 27 26 33 24 35 26 14 35 15 41 31 46 
30 21 27 44 28 24 10 11 26 39 26 40 40 38 12 35 11 29 37 34 0 34 32 36 29 14 23 34 28 33 32 35 25 37 26 27 16 21 25 29 27 33 27 37 25 24 22 35 24 34 
16 17 28 25 38 29 29 27 37 25 34 12 26 30 28 25 23 35 30 30 34 0 22 19 31 43 18 23 29 33 19 22 15 25 12 29 22 43 37 25 29 29 23 28 34 27 32 40 28 28 
27 31 36 36 36 33 27 21 21 23 19 29 15 23 28 33 36 13 25 25 32 22 0 34 33 28 24 34 33 28 22 29 31 26 10 43 20 23 30 23 13 42 21 39 32 25 10 37 27 26 
24 26 24 35 40 33 38 36 25 30 42 31 43 11 31 33 31 31 30 25 36 19 34 0 43 25 13 34 11 42 36 35 23 30 31 36 33 37 32 19 37 28 38 22 18 28 27 41 35 39 
32 30 34 38 16 13 39 23 31 36 33 43 30 38 30 37 26 36 28 18 29 31 33 43 0 36 30 29 36 36 31 38 27 36 23 36 13 31 15 27 21 38 18 29 32 21 25 24 33 30 
27 29 38 38 20 38 24 25 28 50 40 37 43 25 26 38 25 15 45 43 14 43 28 25 36 0 37 43 14 32 46 37 32 37 38 41 30 35 35 43 41 41 41 39 39 38 36 40 38 29 
34 35 28 41 35 34 33 25 25 22 39 30 39 15 23 32 21 37 29 12 23 18 24 13 30 37 0 38 24 43 37 38 33 38 30 24 35 25 24 32 37 36 35 35 26 34 14 41 35 41 
31 18 33 40 34 25 30 28 33 41 30 35 29 40 24 21 38 45 40 41 34 23 34 34 29 43 38 0 33 34 39 33 11 39 28 25 18 45 14 33 29 30 30 28 27 24 39 21 29 31 
13 15 25 24 34 33 37 25 14 41 34 23 32 22 23 24 20 20 31 36 28 29 33 11 36 14 24 33 0 31 42 32 34 34 38 28 31 26 21 30 36 27 27 25 29 24 36 30 26 28 
29 16 38 14 36 30 29 26 36 36 27 27 37 38 30 27 22 27 28 48 33 33 28 42 36 32 43 34 31 0 25 37 33 28 29 30 30 38 36 37 15 28 28 33 34 26 37 41 31 13 
34 32 36 38 38 35 29 32 28 25 22 27 13 31 20 31 31 35 11 40 32 19 22 36 31 46 37 39 42 25 0 21 28 28 12 41 22 40 28 25 10 34 21 25 29 22 26 28 22 28 
19 25 31 23 41 35 41 35 27 38 22 10 15 24 23 18 36 42 10 37 35 22 29 35 38 37 38 33 32 37 21 0 22 32 31 28 34 36 30 27 25 13 20 24 23 31 25 39 21 32 
31 29 34 40 38 14 19 27 22 39 19 27 28 33 13 10 27 37 32 33 25 15 31 23 27 32 33 11 34 33 28 22 0 31 27 14 27 34 25 28 18 29 33 31 19 25 38 25 18 31 
36 25 42 35 42 39 33 35 20 29 29 22 33 41 25 41 35 39 37 26 37 25 26 30 36 37 38 39 34 28 28 32 31 0 16 39 26 32 25 28 27 22 27 24 12 15 30 36 29 29 
28 23 26 26 26 23 17 20 31 13 29 24 25 33 28 37 27 23 21 35 26 12 10 31 23 38 30 28 38 29 12 31 27 16 0 33 10 33 32 13 22 35 11 35 28 31 20 34 26 16 
35 29 23 44 43 28 33 28 34 40 29 38 28 33 26 10 38 31 38 36 27 29 43 36 36 41 24 25 28 30 41 28 14 39 33 0 38 41 21 42 32 41 38 35 33 24 38 39 23 17 
19 20 30 28 16 13 26 10 37 23 25 34 35 42 18 37 26 33 24 25 16 22 20 33 13 30 35 18 31 30 22 34 27 26 10 38 0 36 22 23 15 32 21 31 31 27 21 24 30 26 
39 32 37 24 29 39 31 32 12 37 40 37 30 28 33 43 27 24 29 13 21 43 23 37 31 35 25 45 26 38 40 36 34 32 33 41 36 0 32 39 34 37 22 39 27 22 28 28 37 38 
26 20 38 40 31 28 35 23 20 37 34 29 15 39 22 31 35 39 28 27 25 37 30 32 15 35 24 14 21 36 28 30 25 25 32 21 22 32 0 26 22 32 32 14 26 10 34 21 33 33 
24 36 19 25 39 14 19 33 41 11 33 37 38 27 26 38 27 36 34 26 29 25 23 19 27 43 32 33 30 37 25 27 28 28 13 42 23 39 26 0 22 40 24 35 37 34 27 25 38 29 
32 22 26 29 31 28 37 25 22 33 12 35 23 36 15 28 37 26 21 33 27 29 13 37 21 41 37 29 36 15 10 25 18 27 22 32 15 34 22 22 0 29 30 31 19 12 23 38 27 28 
25 12 37 36 36 37 42 22 32 46 33 23 28 34 23 31 40 39 23 24 33 29 42 28 38 41 36 30 27 28 34 13 29 22 35 41 32 37 32 40 29 0 24 22 10 22 33 26 27 25 
24 12 32 37 25 29 28 19 27 24 18 30 33 34 27 28 16 34 10 35 27 23 21 38 18 41 35 30 27 28 21 20 33 27 11 38 21 22 32 24 30 24 0 24 32 22 25 40 15 25 
12 25 24 26 37 37 44 31 31 24 42 34 29 33 25 38 32 34 14 26 37 28 39 22 29 39 35 28 25 33 25 24 31 24 35 35 31 39 14 35 31 22 24 0 12 24 29 35 29 20 
24 22 35 38 37 33 32 32 32 36 31 33 38 29 13 29 36 32 26 14 25 34 32 18 32 39 26 27 29 34 29 23 19 12 28 33 31 27 26 37 19 10 32 12 0 25 29 36 17 32 
23 10 35 40 36 29 34 20 10 44 24 32 18 32 12 34 25 29 27 35 24 27 25 28 21 38 34 24 24 26 22 31 25 15 31 24 27 22 10 34 12 22 22 24 25 0 31 26 24 23 
30 21 42 46 37 34 32 11 31 33 26 35 25 29 33 43 33 23 15 15 22 32 10 27 25 36 14 39 36 37 26 25 38 30 20 38 21 28 34 27 23 33 25 29 29 31 0 45 21 32 
43 36 40 45 27 11 44 34 16 36 44 48 34 52 38 35 24 34 33 41 35 40 37 41 24 40 41 21 30 41 28 39 25 36 34 39 24 28 21 25 38 26 40 35 36 26 45 0 39 28 
37 24 46 29 20 32 34 32 33 30 33 16 30 45 12 28 31 39 25 31 24 28 27 35 33 38 35 29 26 31 22 21 18 29 26 23 30 37 33 38 27 27 15 29 17 24 21 39 0 28 
26 13 38 27 39 17 33 23 33 23 38 22 26 35 35 27 30 14 34 46 34 28 26 39 30 29 41 31 28 13 28 32 31 29 16 17 26 38 33 29 28 25 25 20 32 23 32 28 28 0 
37 42 49 48 48 44 37 48 48 40 
45 43 37 39 42 46 40 42 45 39 
42 46 39 41 38 38 41 41 46 41 
49 44 40 40 47 45 43 40 44 43 
46 45 37 44 49 44 39 48 41 37 
40 44 46 39 45 37 39 40 38 47 
42 43 38 44 49 38 40 39 47 40 
42 42 46 44 43 42 47 38 37 48 
48 42 43 40 44 41 44 40 48 42 
44 46 44 47 49 44 41 43 47 39 
44 44 42 39 49 38 44 44 47 49 
42 41 46 41 42 47 45 49 42 49 
40 37 42 44 49 40 44 44 40 46 
39 39 42 44 42 43 44 48 38 44 
38 48 42 43 38 40 45 42 45 46 
42 42 40 46 42 44 41 48 44 43 
44 46 40 46 41 46 45 43 46 38 
39 49 41 48 46 45 43 49 48 45 
41 41 40 45 38 41 38 47 46 47 
39 40 40 40 38 45 46 37 46 41 
46 47 37 46 37 48 49 38 44 45 
41 46 38 47 44 43 47 43 48 38 
42 47 42 43 41 40 39 45 44 42 
37 45 48 43 39 40 45 46 42 39 
43 49 39 40 49 37 41 49 49 48 
45 40 47 38 42 46 46 40 40 43 
48 46 47 42 47 42 47 40 40 39 
48 48 43 42 40 41 46 47 49 42 
45 46 44 48 44 39 38 39 46 38 
42 49 46 49 41 39 47 37 45 46 
49 46 43 43 40 45 40 37 38 48 
46 38 39 45 45 45 48 41 40 46 
46 39 46 42 45 40 39 39 47 41 
42 41 49 42 41 44 43 48 45 45 
46 45 43 46 48 48 38 45 45 39 
46 41 45 45 39 38 48 40 37 37 
48 48 46 38 43 48 43 40 47 45 
44 42 40 44 38 45 41 45 40 48 
44 38 38 40 45 40 38 37 41 40 
41 38 43 40 48 46 42 48 47 48 
47 38 48 42 42 40 41 45 45 49 
39 43 47 42 40 40 41 44 48 48 
42 40 39 45 49 39 40 37 37 41 
38 41 38 49 41 46 42 48 38 41 
44 39 45 41 38 38 44 44 38 39 
38 46 43 44 46 49 44 49 47 38 
46 48 44 46 49 46 41 45 44 40 
40 41 45 45 43 40 47 42 48 45 
38 45 45 38 41 46 40 45 39 46 
45 47 39 46 40 47 38 44 44 40 
1 1 1 1 1 1 1 1 1 1 
1 1 1 1 1 1 1 1 1 1 
1 1 1 1 1 1 1 1 1 1 
1 1 1 1 1 1 1 1 1 1 
1 1 1 1 1 1 1 1 1 1 
1 1 1 1 1 1 1 1 1 1 
1 1 1 1 1 1 1 1 1 1 
1 1 1 1 1 1 1 1 1 1 
1 1 1 1 1 1 1 1 1 1 
1 1 1 1 1 1 1 1 1 1 
1 1 1 1 1 1 1 1 1 1 
1 1 1 1 1 1 1 1 1 1 
1 1 1 1 1 1 1 1 1 1 
1 1 1 1 1 1 1 1 1 1 
1 1 1 1 1 1 1 1 1 1 
1 1 1 1 1 1 1 1 1 1 
1 1 1 1 1 1 1 1 1 1 
1 1 1 1 1 1 1 1 1 1 
1 1 1 1 1 1 1 1 1 1 
1 1 1 1 1 1 1 1 1 1 
1 1 1 1 1 1 1 1 1 1 
1 1 1 1 1 1 1 1 1 1 
1 1 1 1 1 1 1 1 1 1 
1 1 1 1 1 1 1 1 1 1 
1 1 1 1 1 1 1 1 1 1 
1 1 1 1 1 1 1 1 1 1 
1 1 1 1 1 1 1 1 1 1 
1 1 1 1 1 1 1 1 1 1 
1 1 1 1 1 1 1 1 1 1 
1 1 1 1 1 1 1 1 1 1 
1 1 1 1 1 1 1 1 1 1 
1 1 1 1 1 1 1 1 1 1 
1 1 1 1 1 1 1 1 1 1 
1 1 1 1 1 1 1 1 1 1 
1 1 1 1 1 1 1 1 1 1 
1 1 1 1 1 1 1 1 1 1 
1 1 1 1 1 1 1 1 1 1 
1 1 1 1 1 1 1 1 1 1 
1 1 1 1 1 1 1 1 1 1 
1 1 1 1 1 1 1 1 1 1 
1 1 1 1 1 1 1 1 1 1 
1 1 1 1 1 1 1 1 1 1 
1 1 1 1 1 1 1 1 1 1 
1 1 1 1 1 1 1 1 1 1 
1 1 1 1 1 1 1 1 1 1 
1 1 1 1 1 1 1 1 1 1 
1 1 1 1 1 1 1 1 1 1 
1 1 1 1 1 1 1 1 1 1 
1 1 1 1 1 1 1 1 1 1 
1 1 1 1 1 1 1 1 1 1 
1 1 1 1 1 1 1 1 1 1 
1 0 0 0 0 0 0 0 1 0 
0 1 0 1 0 0 0 0 1 0 
0 1 0 0 0 0 0 0 0 0 
1 1 1 1 1 1 1 1 1 1 
0 0 0 0 1 0 0 0 0 0 
1 1 1 1 1 1 1 1 1 1 
0 1 0 0 0 1 0 0 0 0 
0 1 0 0 1 0 0 0 0 0 
1 1 1 1 1 1 1 1 1 1 
1 1 0 1 1 1 1 1 0 0 
1 0 0 0 0 1 0 0 1 1 
1 1 1 1 1 1 1 1 1 1 
1 1 1 0 0 1 0 0 0 0 
1 1 1 1 1 1 1 1 1 1 
0 1 0 1 1 1 1 1 0 1 
1 1 1 0 1 1 1 1 1 1 
1 0 0 0 0 0 0 0 0 0 
1 0 0 0 0 0 0 1 0 1 
1 0 0 0 0 0 0 0 0 0 
1 1 0 1 0 0 0 0 0 1 
1 1 0 1 1 1 1 1 1 0 
1 1 1 1 1 1 1 1 1 1 
1 1 1 1 1 1 1 1 0 0 
1 1 1 1 0 1 1 0 1 1 
0 1 0 1 1 1 1 1 1 1 
0 0 0 0 1 0 0 0 0 0 
0 1 1 0 0 0 1 0 1 0 
0 1 1 1 1 0 1 0 0 1 
0 1 0 0 1 0 1 1 1 0 
1 1 1 0 0 1 0 0 1 0 
1 1 1 1 0 1 1 1 1 1 
0 1 1 1 1 1 0 1 1 1 
1 1 0 1 1 1 0 1 1 1 
1 0 1 1 1 1 0 1 1 1 
0 0 0 0 1 0 0 0 0 1 
1 0 1 0 1 0 1 1 1 0 
1 0 1 1 1 1 1 1 1 0 
0 0 1 1 0 0 1 1 1 0 
0 1 1 0 1 1 1 1 0 1 
0 0 0 0 0 0 1 1 0 0 
1 0 1 1 1 0 1 0 1 0 
0 0 1 0 0 0 0 0 0 0 
1 0 1 1 1 1 1 1 1 1 
1 1 1 1 1 0 1 0 1 0 
0 0 0 1 1 0 0 0 0 1 
0 0 0 0 0 1 1 1 0 1 
1 1 1 1 1 0 1 1 0 1 
1 1 1 1 1 1 0 1 0 1 
1 1 0 0 0 0 0 0 0 0 
0 0 0 0 0 0 0 0 0 0 
0 0 0 0 0 0 0 1 0 1 
0 0 0 0 0 0 0 0 0 0 
1 1 0 1 1 0 1 1 1 1 
1 1 1 1 1 1 1 1 1 1 
0 0 0 0 0 0 0 0 0 0 
1 0 1 1 0 1 1 1 1 1 
0 0 0 0 0 0 0 0 0 0 
1 1 0 0 0 1 0 1 1 0 
1 1 1 1 1 1 1 1 1 1 
1 0 1 1 1 0 1 0 0 1 
1 1 1 1 1 1 0 1 1 1 
1 0 0 0 0 0 0 0 0 0 
0 0 1 0 0 0 0 0 0 1 
0 0 0 0 0 0 0 0 0 0 
0 1 1 1 1 1 1 1 0 1 
1 0 0 1 1 1 0 0 1 0 
0 0 1 0 0 0 0 0 1 0 
0 0 0 1 0 1 1 0 0 0 
1 1 1 1 0 0 0 1 1 0 
1 1 1 1 1 1 1 1 1 1 
0 0 0 1 0 1 0 0 0 0 
1 0 1 1 0 0 0 1 0 1 
0 0 1 1 1 0 1 0 0 0 
1 1 0 0 1 1 1 1 1 1 
0 0 0 0 0 1 0 0 0 0 
1 0 0 0 0 0 0 1 0 0 
0 0 0 1 0 0 1 1 1 0 
1 1 1 1 1 1 1 1 1 1 
1 0 1 0 1 1 0 1 1 1 
1 0 1 0 0 1 0 1 0 0 
1 1 1 1 0 1 0 1 1 1 
0 0 0 0 0 0 0 0 0 1 
0 1 1 1 1 0 0 0 1 1 
0 0 0 1 0 0 0 0 0 0 
1 0 0 1 0 1 1 0 1 0 
0 0 0 0 0 1 0 1 0 0 
0 0 0 0 0 0 0 0 0 0 
0 0 0 0 0 0 0 0 0 0 
1 0 1 1 1 0 1 0 1 0 
0 0 1 0 0 1 0 0 0 0 
0 0 1 1 0 0 0 0 0 0 
0 0 0 0 0 0 0 0 0 0 
0 1 1 1 1 1 1 1 0 1 
1 1 0 1 1 0 1 1 1 0 
0 0 0 1 0 0 0 1 0 0 
1 1 1 1 1 1 1 1 1 1 
1 1 0 1 0 0 0 0 1 1 
0 1 0 0 1 0 1 0 0 0 
1 1 1 1 1 1 1 1 1 1 
0.3
0.3
0.3
0.3
0.3
0.3
0.3
0.3
0.3
0.3
