25 5 5
0 37 16 30 29 21 34 32 27 41 36 33 18 23 42 33 38 39 27 45 35 41 31 39 37 
37 0 41 12 28 26 20 38 10 42 30 39 24 34 45 32 38 39 37 35 28 23 49 47 34 
16 41 0 39 13 37 34 41 38 52 20 38 27 25 33 38 23 37 11 35 37 44 15 23 21 
30 12 39 0 40 14 16 26 22 41 42 51 12 46 35 20 31 32 38 23 28 11 49 35 30 
29 28 13 40 0 27 30 34 38 39 29 34 39 12 20 25 10 24 24 30 36 31 21 28 16 
21 26 37 14 27 0 14 25 24 39 42 43 26 38 21 13 17 18 40 33 14 25 47 31 28 
34 20 34 16 30 14 0 30 10 38 49 57 16 42 35 27 31 32 37 28 28 24 33 40 14 
32 38 41 26 34 25 30 0 39 55 42 42 14 35 46 29 42 18 40 13 32 25 44 23 27 
27 10 38 22 38 24 10 39 0 32 39 47 26 42 45 37 35 29 27 26 18 14 43 38 24 
41 42 52 41 39 39 38 55 32 0 40 22 41 39 22 26 43 57 58 51 32 40 39 57 52 
36 30 20 42 29 42 49 42 39 40 0 18 47 17 49 47 39 53 31 31 34 43 35 19 41 
33 39 38 51 34 43 57 42 47 22 18 0 51 32 44 48 44 58 49 29 29 41 52 37 43 
18 24 27 12 39 26 16 14 26 41 47 51 0 41 41 15 43 32 26 27 40 23 42 37 30 
23 34 25 46 12 38 42 35 42 39 17 32 41 0 32 30 22 36 36 38 24 43 23 36 28 
42 45 33 35 20 21 35 46 45 22 49 44 41 32 0 34 30 39 44 50 35 44 41 48 36 
33 32 38 20 25 13 27 29 37 26 47 48 15 30 34 0 30 31 38 42 27 31 46 31 41 
38 38 23 31 10 17 31 42 35 43 39 44 43 22 30 30 0 34 30 33 31 21 31 38 26 
39 39 37 32 24 18 32 18 29 57 53 58 32 36 39 31 34 0 48 31 32 39 45 41 40 
27 37 11 38 24 40 37 40 27 58 31 49 26 36 44 38 30 48 0 36 26 41 26 34 32 
45 35 35 23 30 33 28 13 26 51 31 29 27 38 50 42 33 31 36 0 19 12 33 12 14 
35 28 37 28 36 14 28 32 18 32 34 29 40 24 35 27 31 32 26 19 0 31 37 31 33 
41 23 44 11 31 25 24 25 14 40 43 41 23 43 44 31 21 39 41 12 31 0 45 24 26 
31 49 15 49 21 47 33 44 43 39 35 52 42 23 41 46 31 45 26 33 37 45 0 21 19 
39 47 23 35 28 31 40 23 38 57 19 37 37 36 48 31 38 41 34 12 31 24 21 0 26 
37 34 21 30 16 28 14 27 24 52 41 43 30 28 36 41 26 40 32 14 33 26 19 26 0 
20 24 24 19 18 
18 22 20 19 24 
19 22 24 20 22 
24 19 22 19 22 
24 19 21 21 19 
22 19 21 22 20 
18 24 21 23 20 
24 19 22 19 22 
22 20 19 20 22 
20 21 23 22 23 
21 20 22 24 22 
23 23 21 22 19 
19 18 19 20 20 
24 22 22 19 24 
19 23 18 22 23 
19 20 20 24 20 
19 21 19 23 22 
20 20 19 20 24 
21 20 24 21 24 
19 21 19 24 23 
19 19 19 22 21 
22 21 19 24 21 
18 22 22 19 18 
21 22 19 19 22 
18 23 22 22 22 
1 1 1 1 1 
1 1 1 1 1 
1 1 1 1 1 
1 1 1 1 1 
1 1 1 1 1 
1 1 1 1 1 
1 1 1 1 1 
1 1 1 1 1 
1 1 1 1 1 
1 1 1 1 1 
1 1 1 1 1 
1 1 1 1 1 
1 1 1 1 1 
1 1 1 1 1 
1 1 1 1 1 
1 1 1 1 1 
1 1 1 1 1 
1 1 1 1 1 
1 1 1 1 1 
1 1 1 1 1 
1 1 1 1 1 
1 1 1 1 1 
1 1 1 1 1 
1 1 1 1 1 
1 1 1 1 1 
0 0 1 0 0 
1 0 0 0 0 
1 1 1 1 1 
1 1 1 1 0 
1 1 1 1 1 
1 1 0 1 1 
0 1 0 1 0 
1 1 0 1 1 
1 1 1 1 1 
1 0 1 1 1 
0 1 0 0 0 
1 0 0 0 0 
1 1 1 1 1 
0 1 1 1 1 
1 0 1 1 1 
1 0 0 0 0 
1 0 0 0 0 
0 1 1 1 0 
1 1 1 1 1 
1 0 0 1 0 
1 1 1 1 1 
1 0 0 0 1 
0 0 1 1 0 
1 1 1 1 1 
1 1 1 1 1 
0 0 0 0 0 
1 1 1 0 1 
0 0 1 0 0 
0 0 0 0 0 
1 0 0 1 1 
0 0 1 0 1 
1 0 1 1 1 
0 1 0 1 1 
0 0 0 1 0 
0 0 0 0 1 
0 0 1 0 1 
1 1 0 1 1 
0 0 0 0 0 
1 1 1 1 1 
0 0 0 0 0 
0 1 1 0 0 
1 1 1 1 1 
1 1 1 1 1 
0 0 0 0 0 
0 1 1 1 1 
1 1 1 1 1 
0 1 0 0 0 
1 1 0 0 1 
0 0 0 0 1 
0 0 0 0 0 
0.3
0.3
0.3
0.3
0.3
