50 5 20
0 38 105 72 65 14 51 54 19 83 71 53 91 26 22 102 87 67 51 36 22 20 1 63 50 99 112 63 24 33 88 41 122 61 51 91 60 79 71 89 55 42 93 10 37 104 81 19 104 43 
38 0 68 39 49 23 18 26 25 48 50 33 61 12 37 64 50 29 22 29 32 29 38 44 37 62 74 25 13 29 50 26 84 24 42 55 27 58 50 59 34 24 60 32 8 68 44 19 68 28 
105 68 0 43 76 91 60 65 89 29 67 75 59 79 102 4 32 41 59 87 97 95 106 70 83 12 14 42 81 88 20 75 16 48 89 36 50 80 66 59 68 78 38 99 70 34 27 87 30 81 
72 39 43 0 33 59 46 55 53 14 25 65 74 47 76 42 48 35 20 68 72 68 72 27 71 32 56 21 48 68 37 34 58 37 77 55 12 83 24 72 25 61 21 63 47 63 16 57 61 65 
65 49 76 33 0 56 65 74 46 47 10 82 102 48 78 75 79 62 29 78 75 71 65 6 86 64 89 48 49 76 70 25 89 62 91 86 33 106 11 100 15 74 43 55 58 96 49 59 94 78 
14 23 91 59 56 0 38 43 11 70 61 43 80 12 23 88 73 53 38 29 20 16 15 53 43 85 98 48 10 27 74 31 108 47 45 78 46 70 61 78 44 32 80 10 24 91 67 7 91 34 
51 18 60 46 65 38 0 9 43 49 63 19 42 30 42 56 36 18 35 26 37 35 52 59 26 58 63 25 31 28 40 44 76 12 32 39 35 41 63 40 50 17 65 48 14 53 44 32 53 20 
54 26 65 55 74 43 9 0 49 57 73 11 37 36 41 61 37 24 45 23 37 36 55 68 18 65 66 33 37 25 44 52 80 19 24 39 45 31 72 35 59 14 73 53 19 52 52 36 53 16 
19 25 89 53 46 11 43 49 0 65 51 51 85 13 34 86 75 54 32 39 31 27 20 43 52 82 97 47 12 37 73 21 106 49 55 80 41 78 51 83 35 40 73 10 29 93 63 16 93 43 
83 48 29 14 47 70 49 57 65 0 38 68 68 58 85 28 40 33 33 73 80 77 84 41 75 18 42 24 59 74 27 48 43 38 81 47 24 81 37 67 39 65 17 75 54 53 5 67 50 69 
71 50 67 25 10 61 63 73 51 38 0 82 98 52 83 66 73 58 28 79 79 75 71 8 87 55 80 43 53 79 62 30 80 58 92 81 29 104 1 96 17 75 32 61 59 89 41 63 87 79 
53 33 75 65 82 43 19 11 51 68 82 0 39 39 36 71 46 35 53 17 32 33 54 76 7 75 75 44 40 20 55 59 90 30 13 47 55 26 81 37 67 11 84 53 24 60 63 36 61 10 
91 61 59 74 102 80 42 37 85 68 98 39 0 72 75 55 29 40 73 57 72 72 92 95 44 66 52 54 73 59 43 85 69 40 48 23 69 24 97 2 88 49 85 90 56 29 63 73 32 49 
26 12 79 47 48 12 30 36 13 58 52 39 72 0 31 76 63 42 27 30 27 23 26 44 41 73 86 37 1 28 62 23 96 37 45 68 34 66 52 70 35 29 68 19 16 81 55 11 81 32 
22 37 102 76 78 23 42 41 34 85 83 36 75 31 0 98 78 60 57 18 5 8 23 75 32 98 106 61 30 16 82 53 118 54 31 80 64 60 83 74 66 27 98 28 31 94 81 20 95 26 
102 64 4 42 75 88 56 61 86 28 66 71 55 76 98 0 28 38 57 83 93 91 103 69 79 13 14 39 78 84 16 72 19 44 85 32 48 76 65 55 66 74 39 95 67 31 26 84 28 77 
87 50 32 48 79 73 36 37 75 40 73 46 29 63 78 28 0 21 53 60 73 72 88 73 54 37 29 32 64 63 14 68 44 26 59 7 47 48 72 28 67 51 57 82 49 18 35 68 17 53 
67 29 41 35 62 53 18 24 54 33 58 35 40 42 60 38 21 0 34 45 55 53 68 55 42 40 45 14 43 46 21 47 57 6 49 27 29 48 57 38 48 36 50 62 30 39 28 48 38 39 
51 22 59 20 29 38 35 45 32 33 28 53 73 27 57 57 53 34 0 51 53 49 52 23 58 50 69 21 28 51 47 15 75 32 63 60 9 76 28 71 15 46 41 42 31 71 32 38 70 50 
36 29 87 68 78 29 26 23 39 73 79 17 57 30 18 83 60 45 51 0 15 16 37 73 14 85 89 49 30 3 66 52 102 38 15 62 56 42 79 55 63 9 88 38 21 76 69 22 77 7 
22 32 97 72 75 20 37 37 31 80 79 32 72 27 5 93 73 55 53 15 0 4 23 71 29 93 101 56 26 12 77 49 113 49 28 76 59 57 79 70 62 22 93 27 26 89 76 16 90 22 
20 29 95 68 71 16 35 36 27 77 75 33 72 23 8 91 72 53 49 16 4 0 21 67 30 90 99 53 22 13 75 45 111 47 31 75 56 58 75 70 58 22 89 24 24 88 73 12 89 23 
1 38 106 72 65 15 52 55 20 84 71 54 92 26 23 103 88 68 52 37 23 21 0 63 51 100 113 63 25 34 89 42 123 62 52 92 60 80 72 90 55 43 93 10 38 105 82 20 105 44 
63 44 70 27 6 53 59 68 43 41 8 76 95 44 75 69 73 55 23 73 71 67 63 0 81 58 83 41 45 72 63 22 84 55 86 80 26 99 8 94 9 68 38 53 53 89 43 55 87 72 
50 37 83 71 86 43 26 18 52 75 87 7 44 41 32 79 54 42 58 14 29 30 51 81 0 83 83 51 41 17 62 62 97 37 6 54 60 28 86 42 72 12 91 52 28 67 70 36 68 9 
99 62 12 32 64 85 58 65 82 18 55 75 66 73 98 13 37 40 50 85 93 90 100 58 83 0 27 37 74 86 23 65 25 46 89 43 41 84 54 65 57 76 26 92 66 44 18 82 41 79 
112 74 14 56 89 98 63 66 97 42 80 75 52 86 106 14 29 45 69 89 101 99 113 83 83 27 0 50 88 91 24 85 17 51 88 30 61 74 79 52 80 80 53 106 75 23 40 93 20 82 
63 25 42 21 48 48 25 33 47 24 43 44 54 37 61 39 32 14 21 49 56 53 63 41 51 37 50 0 38 50 26 36 59 15 57 39 15 61 43 52 35 41 40 56 29 50 20 45 49 45 
24 13 81 48 49 10 31 37 12 59 53 40 73 1 30 78 64 43 28 30 26 22 25 45 41 74 88 38 0 28 64 23 97 38 45 69 36 67 53 71 36 29 69 18 17 82 56 10 82 32 
33 29 88 68 76 27 28 25 37 74 79 20 59 28 16 84 63 46 51 3 12 13 34 72 17 86 91 50 28 0 68 51 104 40 18 65 56 45 78 57 62 11 88 36 21 78 70 20 79 10 
88 50 20 37 70 74 40 44 73 27 62 55 43 62 82 16 14 21 47 66 77 75 89 63 62 23 24 26 64 68 0 62 35 28 68 20 39 61 62 42 59 57 43 82 51 26 22 69 24 60 
41 26 75 34 25 31 44 52 21 48 30 59 85 23 53 72 68 47 15 52 49 45 42 22 62 65 85 36 23 51 62 0 90 44 67 74 24 84 30 83 13 50 53 31 34 86 47 33 85 53 
122 84 16 58 89 108 76 80 106 43 80 90 69 96 118 19 44 57 75 102 113 111 123 84 97 25 17 59 97 104 35 90 0 64 103 46 66 91 79 69 83 93 49 115 87 40 43 104 37 96 
61 24 48 37 62 47 12 19 49 38 58 30 40 37 54 44 26 6 32 38 49 47 62 55 37 46 51 15 38 40 28 44 64 0 43 31 29 46 58 38 47 29 54 56 23 44 33 42 43 33 
51 42 89 77 91 45 32 24 55 81 92 13 48 45 31 85 59 49 63 15 28 31 52 86 6 89 88 57 45 18 68 67 103 43 0 59 66 29 92 46 76 17 97 54 33 72 76 38 73 13 
91 55 36 55 86 78 39 39 80 47 81 47 23 68 80 32 7 27 60 62 76 75 92 80 54 43 30 39 69 65 20 74 46 31 59 0 54 44 80 23 74 53 64 87 53 13 42 72 14 55 
60 27 50 12 33 46 35 45 41 24 29 55 69 34 64 48 47 29 9 56 59 56 60 26 60 41 61 15 36 56 39 24 66 29 66 54 0 75 28 67 20 49 33 51 35 64 22 45 62 53 
79 58 80 83 106 70 41 31 78 81 104 26 24 66 60 76 48 48 76 42 57 58 80 99 28 84 74 61 67 45 61 84 91 46 29 44 75 0 103 23 91 38 99 80 50 53 76 63 56 36 
71 50 66 24 11 61 63 72 51 37 1 81 97 52 83 65 72 57 28 79 79 75 72 8 86 54 79 43 53 78 62 30 79 58 92 80 28 103 0 95 17 74 31 61 59 88 40 63 86 78 
89 59 59 72 100 78 40 35 83 67 96 37 2 70 74 55 28 38 71 55 70 70 90 94 42 65 52 52 71 57 42 83 69 38 46 23 67 23 95 0 86 47 84 88 54 30 62 71 32 47 
55 34 68 25 15 44 50 59 35 39 17 67 88 35 66 66 67 48 15 63 62 58 55 9 72 57 80 35 36 62 59 13 83 47 76 74 20 91 17 86 0 59 41 45 43 84 40 46 83 63 
42 24 78 61 74 32 17 14 40 65 75 11 49 29 27 74 51 36 46 9 22 22 43 68 12 76 80 41 29 11 57 50 93 29 17 53 49 38 74 47 59 0 81 42 15 67 61 25 68 4 
93 60 38 21 43 80 65 73 73 17 32 84 85 68 98 39 57 50 41 88 93 89 93 38 91 26 53 40 69 88 43 53 49 54 97 64 33 99 31 84 41 81 0 84 67 68 22 79 65 85 
10 32 99 63 55 10 48 53 10 75 61 53 90 19 28 95 82 62 42 38 27 24 10 53 52 92 106 56 18 36 82 31 115 56 54 87 51 80 61 88 45 42 84 0 34 100 73 17 100 44 
37 8 70 47 58 24 14 19 29 54 59 24 56 16 31 67 49 30 31 21 26 24 38 53 28 66 75 29 17 21 51 34 87 23 33 53 35 50 59 54 43 15 67 34 0 67 50 18 67 19 
104 68 34 63 96 91 53 52 93 53 89 60 29 81 94 31 18 39 71 76 89 88 105 89 67 44 23 50 82 78 26 86 40 44 72 13 64 53 88 30 84 67 68 100 67 0 48 85 3 68 
81 44 27 16 49 67 44 52 63 5 41 63 63 55 81 26 35 28 32 69 76 73 82 43 70 18 40 20 56 70 22 47 43 33 76 42 22 76 40 62 40 61 22 73 50 48 0 64 46 65 
19 19 87 57 59 7 32 36 16 67 63 36 73 11 20 84 68 48 38 22 16 12 20 55 36 82 93 45 10 20 69 33 104 42 38 72 45 63 63 71 46 25 79 17 18 85 64 0 85 27 
104 68 30 61 94 91 53 53 93 50 87 61 32 81 95 28 17 38 70 77 90 89 105 87 68 41 20 49 82 79 24 85 37 43 73 14 62 56 86 32 83 68 65 100 67 3 46 85 0 69 
43 28 81 65 78 34 20 16 43 69 79 10 49 32 26 77 53 39 50 7 22 23 44 72 9 79 82 45 32 10 60 53 96 33 13 55 53 36 78 47 63 4 85 44 19 68 65 27 69 0 
142 159 154 135 145 157 163 177 148 157 172 157 175 145 165 147 145 168 162 160 
159 153 175 175 157 174 162 147 147 135 136 157 160 157 159 172 136 145 172 150 
171 166 177 166 135 163 135 147 153 163 175 178 139 172 175 166 168 159 135 135 
162 138 160 144 163 141 138 166 153 135 138 144 166 136 178 171 166 135 139 141 
166 138 142 174 177 141 160 165 166 163 168 148 169 150 159 154 157 165 141 177 
165 147 144 154 153 144 148 139 147 153 148 136 159 157 175 157 166 159 145 153 
144 135 171 136 153 153 156 177 138 165 175 171 135 139 148 153 151 162 160 163 
138 175 166 163 156 163 141 142 144 153 163 156 154 154 159 172 172 136 172 177 
168 168 171 171 174 139 145 148 169 171 177 172 169 166 159 148 151 166 157 163 
142 142 141 165 162 166 159 157 169 154 157 159 144 148 150 141 154 163 154 145 
157 154 141 150 141 166 163 160 154 144 147 163 153 153 148 138 142 175 162 177 
150 139 159 159 154 177 168 175 162 142 142 142 165 148 157 175 135 142 156 156 
153 168 139 172 144 156 178 153 154 160 153 171 166 178 153 141 177 141 139 162 
150 147 169 136 162 148 177 163 159 156 142 135 147 150 175 159 172 175 135 148 
157 153 141 145 154 160 156 153 168 160 136 141 175 172 145 159 141 142 144 168 
166 153 168 136 171 165 162 163 160 162 135 139 138 141 154 157 166 175 177 156 
159 135 162 154 175 172 135 139 139 147 172 172 166 163 174 157 150 156 144 135 
141 144 139 144 150 162 169 139 157 168 162 138 171 147 159 168 142 162 172 148 
175 166 142 163 153 136 144 168 162 153 168 169 165 177 135 138 159 171 144 138 
162 171 144 156 141 169 145 148 151 139 166 148 172 174 135 145 178 144 136 162 
163 172 153 150 171 154 154 150 148 163 156 177 157 166 154 163 157 165 135 175 
172 166 145 168 163 145 135 165 156 139 150 141 178 168 159 171 145 135 142 159 
165 166 159 144 154 135 175 177 166 177 175 162 166 141 150 153 154 151 139 177 
157 154 141 156 145 168 148 157 168 157 139 154 145 165 166 166 166 162 166 157 
162 162 139 150 171 154 168 148 174 175 145 151 151 154 175 163 142 145 144 177 
169 150 154 136 136 141 171 171 169 157 150 151 139 154 168 177 177 157 148 174 
154 159 145 172 136 144 157 144 156 168 144 145 141 165 150 145 172 144 138 165 
166 153 139 174 175 172 174 172 153 142 169 175 168 136 168 171 147 148 138 171 
138 148 138 145 135 156 157 175 165 162 160 154 135 166 148 177 162 145 172 138 
153 163 178 144 168 168 136 138 139 141 175 145 154 135 157 157 159 136 153 147 
163 135 166 166 168 138 166 150 148 162 154 169 148 154 135 138 145 139 141 151 
145 139 162 168 142 141 147 169 145 165 136 175 166 171 163 156 175 153 174 145 
135 150 138 150 172 139 154 141 145 163 159 159 171 145 148 135 153 162 169 163 
148 174 162 139 165 148 160 162 168 157 175 171 175 135 142 168 141 163 175 154 
148 156 135 141 166 150 142 141 135 135 174 148 174 159 154 162 172 136 147 162 
160 145 154 156 145 162 145 154 148 141 175 165 165 177 172 154 148 136 162 148 
138 159 163 177 138 141 162 177 144 175 162 171 142 138 150 154 168 162 175 138 
171 172 171 159 171 163 135 139 168 163 154 171 144 141 171 148 150 157 148 162 
154 175 154 163 135 171 139 171 154 136 175 147 175 166 174 166 151 174 174 139 
160 150 178 169 159 172 139 175 150 153 159 172 150 135 156 153 172 162 144 150 
163 141 165 162 174 159 150 148 154 145 156 136 165 157 172 145 153 178 144 171 
154 168 163 172 169 141 145 165 168 159 138 154 168 168 138 163 150 156 135 171 
169 157 175 154 138 169 166 157 171 175 148 145 166 178 141 159 141 154 144 177 
135 148 153 169 139 159 154 154 138 157 148 172 136 144 150 139 136 136 162 174 
135 177 142 169 177 148 148 139 169 162 139 171 177 160 163 136 141 141 159 144 
163 175 139 168 141 156 172 144 160 157 139 162 157 148 153 154 163 168 162 156 
151 168 150 150 150 136 154 156 142 135 168 172 177 175 160 139 151 156 150 177 
136 157 162 159 172 135 135 159 171 165 136 144 154 154 160 169 157 135 148 166 
138 139 162 136 135 144 142 151 168 160 150 171 139 178 150 135 135 153 159 171 
139 163 136 160 139 163 153 163 163 168 153 168 172 136 172 175 145 135 150 135 
8 8 9 9 8 8 9 8 8 9 8 9 8 8 9 8 9 9 9 8 
12 14 13 12 14 12 14 13 13 13 13 14 12 12 13 13 14 12 12 12 
4 4 4 4 4 4 4 4 4 4 4 4 4 4 4 4 4 4 4 4 
12 11 11 10 10 10 11 12 10 12 10 10 10 10 10 10 10 11 11 12 
12 12 10 10 10 10 11 11 11 12 11 11 11 11 11 11 12 10 11 10 
17 19 17 18 16 18 18 17 17 16 17 17 17 18 17 17 19 16 16 17 
16 19 19 19 17 18 18 17 19 17 18 17 17 16 19 18 19 18 16 17 
11 10 10 9 9 9 10 9 10 11 10 11 10 10 11 9 9 10 10 9 
11 12 12 12 12 12 12 12 11 12 11 11 11 11 12 12 11 12 12 11 
3 3 3 3 3 3 3 3 3 3 3 3 3 3 3 3 3 3 3 3 
14 14 13 12 14 12 13 13 13 12 13 12 13 13 13 13 14 12 14 13 
3 3 3 3 3 3 3 3 3 3 3 3 3 3 3 3 3 3 3 3 
19 20 19 18 19 21 20 18 18 19 21 19 21 21 18 18 20 21 19 21 
11 11 12 10 11 10 11 10 10 11 11 12 11 10 12 12 10 11 10 10 
15 18 17 17 17 18 15 15 17 16 18 15 16 17 16 18 15 15 15 16 
24 24 22 21 20 22 21 21 20 21 22 20 20 22 24 24 21 24 20 20 
6 7 6 7 7 6 7 7 7 7 6 6 7 7 7 6 6 6 6 6 
19 17 19 20 18 19 19 20 19 20 20 17 19 18 21 19 21 20 18 19 
14 14 13 14 14 13 14 12 14 12 14 12 12 13 12 14 12 14 13 13 
15 14 15 14 15 15 13 15 14 14 15 14 14 13 13 13 14 13 14 13 
11 11 12 13 12 13 12 12 13 11 11 12 11 11 11 13 13 11 13 12 
20 19 20 17 19 20 18 17 20 20 18 18 17 20 17 19 20 20 18 19 
13 15 13 13 15 13 13 15 14 13 13 14 15 13 14 14 13 16 15 16 
2 2 2 2 2 2 2 2 2 2 2 2 2 2 2 2 2 2 2 2 
13 13 14 12 14 13 14 14 12 13 14 12 13 12 12 13 13 14 12 12 
15 14 15 14 13 15 13 15 16 14 14 14 16 13 15 15 14 14 14 15 
12 12 12 13 12 13 12 12 12 13 12 12 12 12 14 12 14 14 12 14 
2 2 2 2 2 2 2 2 2 2 2 2 2 2 2 2 2 2 2 2 
14 13 12 14 13 12 12 13 12 12 13 14 13 14 12 12 14 13 12 13 
13 14 14 16 14 15 13 13 14 14 13 14 13 15 14 15 15 14 14 13 
13 11 11 12 13 11 13 13 12 11 12 13 12 13 13 11 13 11 11 11 
6 5 5 5 5 5 5 5 5 6 5 5 6 5 5 6 6 5 5 5 
12 12 13 14 12 13 14 12 14 12 12 14 12 14 14 13 12 12 14 14 
16 18 18 16 17 16 19 17 16 18 16 18 19 18 17 16 17 17 16 16 
10 10 11 10 10 11 9 10 9 9 10 9 11 10 10 9 10 9 10 10 
14 16 15 14 15 16 15 16 14 16 17 16 15 14 15 17 17 16 16 15 
6 7 7 6 6 6 6 7 7 6 7 7 7 6 6 6 7 6 6 6 
6 6 7 6 6 6 6 6 6 6 7 6 6 6 7 6 7 6 6 6 
15 14 15 15 14 15 17 14 14 14 14 14 15 14 17 16 15 16 14 17 
20 24 22 21 22 21 24 21 23 21 24 20 21 22 22 23 24 22 24 20 
23 20 22 20 21 22 20 24 20 21 24 20 21 21 22 23 23 22 20 22 
19 21 19 17 19 17 20 19 19 19 19 18 20 17 19 17 19 19 20 19 
2 2 2 2 2 2 2 2 2 2 2 2 2 2 2 2 2 2 2 2 
19 21 18 19 22 21 19 20 19 19 18 19 18 18 19 19 20 19 19 19 
16 17 15 16 18 18 18 15 17 18 18 15 17 15 15 17 15 17 15 16 
9 8 9 8 8 8 8 8 9 9 8 8 8 9 9 8 9 8 8 8 
14 13 13 13 14 14 15 14 13 13 13 13 14 13 13 15 14 14 15 13 
18 19 19 20 18 22 21 20 19 18 21 21 19 18 18 21 21 22 19 22 
16 17 16 18 17 16 17 19 19 17 17 19 19 19 17 19 19 17 18 16 
2 2 2 2 2 2 2 2 2 2 2 2 2 2 2 2 2 2 2 2 
0 0 0 0 0 0 1 0 0 0 1 0 0 0 0 0 0 0 0 0 
0 0 0 0 0 0 0 0 0 0 0 0 0 0 0 1 1 0 0 0 
1 1 1 1 1 1 1 1 1 1 1 1 1 1 1 1 0 1 1 1 
0 0 0 1 0 1 0 0 0 0 0 0 0 0 0 0 0 0 0 0 
0 0 0 0 0 0 0 0 1 0 0 1 0 0 0 0 0 0 0 0 
0 0 1 1 1 0 0 1 0 0 1 0 0 0 1 0 0 1 0 0 
1 1 1 1 1 1 1 1 1 1 1 1 0 1 1 1 1 1 1 1 
0 0 0 0 1 0 0 0 0 0 1 1 0 0 1 0 1 1 0 0 
1 1 1 1 1 1 1 1 0 1 1 1 1 1 1 1 1 1 1 0 
0 0 0 0 0 0 0 0 0 0 0 0 0 1 0 0 0 0 0 0 
0 0 0 0 0 0 0 1 0 0 1 1 1 0 0 1 0 1 0 1 
1 1 0 1 1 1 1 1 1 1 1 1 1 1 1 1 1 1 1 1 
0 0 1 0 0 0 1 0 0 1 1 1 1 1 0 0 0 1 0 1 
0 1 0 0 0 1 1 1 0 0 0 1 0 0 0 0 0 0 1 0 
1 0 0 0 1 1 0 1 1 1 0 0 0 0 0 0 0 0 1 1 
0 0 0 1 0 0 0 0 1 1 0 0 0 0 1 1 0 1 0 0 
1 0 0 1 0 0 0 1 0 0 0 1 1 0 0 1 0 0 1 0 
1 1 1 0 1 1 1 1 1 1 1 1 1 1 0 1 0 0 1 1 
0 0 0 1 0 1 0 0 0 1 1 0 0 1 0 1 1 1 1 0 
1 0 1 1 0 1 1 1 0 1 1 1 1 1 0 1 1 1 0 1 
1 1 0 1 0 1 1 1 1 1 1 1 1 1 1 1 1 1 1 0 
0 0 0 0 0 1 0 0 1 0 1 0 0 0 0 0 0 0 0 0 
0 0 0 1 0 0 1 0 0 0 0 0 0 1 0 0 0 1 0 0 
0 1 0 1 0 0 0 1 0 1 0 0 0 0 0 0 0 0 0 0 
0 0 0 0 0 0 0 0 0 0 0 0 0 0 0 0 1 0 0 0 
0 0 0 0 0 0 0 0 1 0 0 1 0 0 0 0 0 0 0 0 
1 1 0 0 0 0 1 0 0 1 1 1 1 1 0 1 0 1 1 0 
1 1 0 1 1 0 0 0 1 0 1 0 1 1 1 1 0 0 0 1 
1 0 0 0 0 0 0 1 0 1 1 0 1 0 1 1 0 1 0 0 
1 0 0 0 1 1 0 0 0 1 0 1 0 1 0 1 1 1 1 0 
1 0 1 1 1 0 1 0 1 0 0 1 0 0 1 1 0 0 0 0 
1 1 1 1 0 1 1 1 1 1 1 1 0 1 1 0 1 0 1 1 
1 1 1 1 1 1 0 1 1 1 1 1 0 1 0 1 0 1 1 1 
0 0 0 1 0 1 0 0 0 0 0 0 0 0 1 0 0 1 0 0 
1 1 1 0 0 1 1 1 0 1 1 1 0 1 0 0 1 1 0 1 
1 1 1 1 1 1 0 1 1 1 1 1 1 1 1 1 1 1 1 1 
1 1 1 1 1 1 1 1 1 1 1 0 1 1 1 0 1 1 1 1 
0 0 0 0 0 1 0 1 0 1 0 1 0 0 0 1 1 0 0 0 
0 1 0 0 1 0 0 1 1 1 1 1 0 0 0 1 1 0 1 1 
1 1 1 1 1 1 0 0 1 1 1 0 1 1 1 1 1 1 0 1 
0 1 1 0 0 0 1 0 1 0 1 1 0 1 1 1 1 1 0 0 
1 1 0 1 1 1 0 1 0 1 0 1 0 1 0 1 0 1 1 0 
1 0 0 0 0 0 0 0 1 1 0 1 1 1 0 1 1 0 0 0 
1 1 1 0 1 0 1 1 0 1 0 1 1 1 1 1 0 0 0 1 
0 1 0 1 1 1 1 1 1 0 1 1 1 1 0 1 1 1 0 0 
0 0 0 0 0 0 0 0 0 0 0 0 0 0 0 1 0 0 0 0 
1 0 0 0 0 0 0 1 0 0 0 0 0 0 0 0 0 0 1 0 
0 0 0 1 0 0 0 0 0 0 0 0 0 0 0 0 1 0 1 0 
0 1 1 1 0 0 1 0 1 1 0 1 1 0 1 1 1 1 1 1 
1 1 1 1 1 0 1 1 0 1 1 1 0 1 1 0 0 1 0 0 
1 1 1 1 1 0 0 1 1 1 1 0 0 1 0 1 1 1 1 1 
0 0 0 0 0 0 0 0 1 0 0 0 1 0 0 1 0 1 0 0 
1 0 0 1 0 0 0 1 0 0 0 1 1 1 0 0 0 0 0 0 
1 0 1 1 0 1 1 1 1 0 1 1 1 0 0 1 1 0 0 0 
0 0 1 1 1 1 0 1 1 1 1 1 1 1 1 1 1 1 1 0 
1 1 1 0 1 1 0 1 1 1 1 1 1 1 1 1 1 0 1 0 
0 0 1 0 0 1 0 1 1 0 1 1 1 1 0 0 1 1 0 0 
1 0 0 0 0 0 0 0 0 1 1 1 1 0 0 0 0 1 0 0 
0 0 0 0 1 1 0 1 0 1 0 1 0 1 0 1 1 1 1 1 
1 1 1 1 0 1 1 1 1 0 1 1 0 1 0 0 1 1 0 1 
1 1 1 1 1 1 1 1 1 1 1 1 1 1 1 1 1 1 1 1 
1 1 0 0 1 0 1 1 0 0 0 0 1 0 1 0 0 0 0 1 
0 1 0 1 1 1 1 1 1 1 0 0 1 0 0 0 0 0 0 0 
0 0 1 1 0 1 0 1 0 0 1 0 1 1 0 1 1 1 0 0 
1 1 1 1 1 1 1 0 1 1 1 1 1 0 0 1 1 1 1 1 
0 0 0 0 0 0 0 0 0 0 0 0 0 0 0 0 0 0 0 1 
1 1 1 1 1 1 1 1 0 1 1 1 1 1 1 1 0 1 0 0 
0 0 1 1 1 1 1 1 0 0 1 0 1 1 1 0 1 0 1 0 
1 1 1 0 1 0 1 1 0 1 0 1 0 1 0 1 1 1 0 1 
0 0 0 0 0 1 0 0 0 1 0 0 1 0 0 1 0 0 0 1 
1 1 0 1 1 0 1 1 1 0 0 0 1 0 1 1 1 1 1 1 
1 1 1 1 1 0 1 1 1 1 1 1 1 1 1 1 1 1 1 1 
0 1 1 1 0 1 1 1 1 1 1 0 0 1 0 0 1 1 0 1 
1 1 1 1 1 1 1 1 1 1 1 1 1 1 1 1 1 1 1 1 
0 0 0 1 0 0 0 0 1 1 0 1 1 1 0 0 0 0 1 0 
1 1 0 1 1 1 1 1 1 1 0 1 1 1 1 1 0 1 1 1 
1 0 1 0 0 0 0 0 0 0 1 0 0 1 0 1 1 1 0 1 
1 1 1 1 1 1 1 1 1 1 1 1 1 1 1 1 1 1 1 1 
0 1 0 0 0 1 0 1 1 1 1 0 0 0 0 0 0 0 1 0 
1 1 1 1 1 1 1 1 1 1 1 1 1 1 1 1 1 0 1 1 
1 0 0 0 0 0 0 0 0 1 0 0 0 0 0 0 0 0 1 0 
1 1 0 1 0 1 1 1 0 1 1 0 1 1 1 1 1 1 1 1 
0 1 1 1 1 1 1 1 1 1 1 1 1 1 0 1 1 1 1 1 
1 1 1 1 0 1 1 1 1 1 1 1 1 1 1 1 1 1 1 1 
1 1 1 1 0 1 1 1 1 1 1 1 1 1 1 1 1 0 0 0 
0 0 0 1 1 0 1 0 1 1 1 1 0 0 1 1 1 1 1 1 
1 1 1 1 1 1 1 0 1 1 1 0 1 1 0 1 1 1 1 1 
1 1 1 1 1 0 1 1 1 1 0 1 1 1 0 1 1 0 1 1 
1 1 1 1 1 1 0 1 0 0 0 1 1 0 1 1 0 0 0 1 
1 0 1 1 1 1 1 1 1 0 1 1 1 1 1 1 1 1 1 1 
1 1 1 1 1 1 1 1 1 0 1 1 1 1 1 1 1 1 1 1 
0 0 0 1 0 1 0 1 0 0 0 1 1 0 0 0 0 1 0 0 
1 1 1 1 0 1 1 1 1 1 1 1 1 1 1 1 1 0 1 1 
1 1 1 1 1 1 1 1 1 1 1 0 1 1 0 1 1 1 1 1 
0 0 0 0 0 0 0 0 0 1 0 0 0 1 0 0 0 0 1 0 
1 0 0 0 0 1 1 1 0 0 1 0 1 0 0 0 0 1 0 0 
0 0 0 0 0 0 0 0 0 0 0 0 0 0 0 1 0 0 0 0 
1 0 1 1 1 1 1 0 1 1 1 1 0 1 1 0 1 1 1 1 
1 0 1 1 1 1 1 1 1 1 1 0 1 0 1 1 1 1 1 1 
0 0 0 0 0 0 1 0 0 0 1 0 0 0 0 0 0 0 0 1 
0.19
0.08
0.25
0.09
0.23
0.11
0.27
0.23
0.2
0.11
0.16
0.26
0.01
0.05
0.09
0.11
0.03
0.09
0.1
0.05
