50 5 20
0 34 43 86 94 61 88 55 30 31 39 27 87 95 55 36 49 37 73 87 39 107 75 81 84 55 83 33 77 97 72 45 84 43 68 77 24 29 15 76 68 70 48 97 98 52 82 36 50 60 
34 0 56 89 82 59 98 85 9 10 36 59 77 71 64 54 72 51 57 68 6 84 56 63 89 78 57 4 70 74 45 55 77 44 52 60 48 61 35 60 84 42 29 76 83 31 76 3 24 81 
43 56 0 43 63 27 45 41 60 46 24 38 54 80 12 9 22 6 51 66 62 89 57 60 41 25 72 59 42 80 66 5 49 17 48 55 20 37 28 54 27 65 43 77 70 47 46 60 53 26 
86 89 43 0 39 30 17 72 95 78 52 81 31 73 31 52 55 49 49 57 93 75 55 53 5 52 72 92 26 70 74 40 25 45 50 50 64 80 70 49 33 75 63 65 49 65 23 92 74 46 
94 82 63 39 0 35 56 102 90 73 55 100 9 37 53 71 83 65 25 22 84 37 29 22 44 82 41 86 20 33 48 58 15 52 30 23 80 100 79 23 67 50 52 28 10 51 18 85 60 78 
61 59 27 30 35 0 42 67 65 48 23 64 27 55 20 35 48 30 26 40 62 63 33 34 31 50 50 62 16 54 48 22 23 18 25 30 44 64 46 29 40 48 33 51 43 35 21 62 43 47 
88 98 45 17 56 42 0 63 103 87 61 78 49 90 34 52 49 51 65 74 103 93 72 70 13 45 89 101 43 87 89 44 42 53 65 67 64 76 74 66 24 90 75 83 67 78 40 101 86 38 
55 85 41 72 102 67 63 0 84 77 62 29 92 121 48 35 19 42 93 107 91 130 98 101 68 19 113 86 81 121 106 46 86 58 90 97 37 27 50 95 40 105 81 119 110 86 84 88 89 25 
30 9 60 95 90 65 103 84 0 17 42 57 85 80 68 56 74 54 65 77 11 93 65 72 95 80 66 5 78 83 54 60 85 50 61 69 48 59 35 68 87 51 37 85 91 40 84 8 33 83 
31 10 46 78 73 48 87 77 17 0 26 54 68 66 53 45 64 41 49 61 15 79 49 56 79 69 52 14 60 69 41 45 67 34 44 53 40 56 27 52 74 38 21 70 75 24 66 14 19 71 
39 36 24 52 55 23 61 62 42 26 0 49 48 61 28 26 45 20 35 50 41 72 39 44 53 49 51 40 38 62 43 21 45 8 31 40 29 49 25 38 49 42 19 61 59 24 43 40 29 50 
27 59 38 81 100 64 78 29 57 54 49 0 91 110 50 29 30 34 84 99 65 121 88 93 78 36 99 60 80 112 90 42 87 48 80 89 20 2 27 87 55 88 65 110 106 70 84 62 70 42 
87 77 54 31 9 27 49 92 85 68 48 91 0 42 44 62 73 57 23 26 80 44 28 23 36 73 44 81 11 39 48 49 6 44 27 22 71 91 72 22 58 50 48 34 18 47 9 80 56 69 
95 71 80 73 37 55 90 121 80 66 61 110 42 0 75 86 102 80 28 16 70 13 22 21 77 104 14 74 47 5 26 75 48 63 31 25 90 111 84 26 94 29 47 10 28 42 50 72 47 102 
55 64 12 31 53 20 34 48 68 53 28 50 44 75 0 21 29 18 46 60 69 83 53 54 29 29 69 67 33 74 65 9 38 20 44 50 32 49 39 49 22 65 45 71 62 49 36 67 56 26 
36 54 9 52 71 35 52 35 56 45 26 29 62 86 21 0 19 6 58 73 60 96 63 67 50 24 77 56 51 87 70 13 57 22 55 62 12 28 22 61 32 69 46 84 78 50 55 58 54 26 
49 72 22 55 83 48 49 19 74 64 45 30 73 102 29 19 0 24 74 88 78 111 80 82 51 6 94 74 62 102 88 27 67 40 71 78 25 28 38 77 25 87 65 100 91 69 65 76 73 12 
37 51 6 49 65 30 51 42 54 41 20 34 57 80 18 6 24 0 52 67 56 89 57 60 47 29 71 53 46 80 64 9 52 16 48 56 15 34 22 55 33 63 40 78 72 44 50 54 49 30 
73 57 51 49 25 26 65 93 65 49 35 84 23 28 46 58 74 52 0 15 58 37 7 8 52 76 24 61 22 28 25 47 26 36 5 4 64 84 60 3 66 27 28 26 26 25 27 59 34 73 
87 68 66 57 22 40 74 107 77 61 50 99 26 16 60 73 88 67 15 0 68 22 12 6 61 90 19 72 31 14 27 61 32 51 19 10 79 99 75 12 79 30 40 11 17 37 34 70 44 87 
39 6 62 93 84 62 103 91 11 15 41 65 80 70 69 60 78 56 58 68 0 83 57 64 94 84 56 6 73 74 44 61 80 49 54 62 54 67 41 61 89 41 31 76 84 32 79 3 24 87 
107 84 89 75 37 63 93 130 93 79 72 121 44 13 83 96 111 89 37 22 83 0 33 29 80 113 27 87 52 9 39 84 50 73 41 33 101 122 96 34 101 42 59 11 27 55 53 85 60 109 
75 56 57 55 29 33 72 98 65 49 39 88 28 22 53 63 80 57 7 12 57 33 0 7 59 82 17 60 29 23 20 52 32 41 8 6 68 89 63 6 73 21 28 22 27 25 33 58 32 80 
81 63 60 53 22 34 70 101 72 56 44 93 23 21 54 67 82 60 8 6 64 29 7 0 57 84 20 67 27 20 26 55 28 44 13 4 72 93 68 5 73 28 35 17 19 32 30 65 39 81 
84 89 41 5 44 31 13 68 95 79 53 78 36 77 29 50 51 47 52 61 94 80 59 57 0 48 76 93 30 74 77 39 29 45 53 54 62 77 69 53 28 78 65 70 54 67 27 93 75 42 
55 78 25 52 82 50 45 19 80 69 49 36 73 104 29 24 6 29 76 90 84 113 82 84 48 0 97 80 62 104 92 30 67 43 73 80 31 34 44 78 21 91 69 101 91 73 64 82 78 7 
83 57 72 72 41 50 89 113 66 52 51 99 44 14 69 77 94 71 24 19 56 27 17 20 76 97 0 61 46 18 12 67 48 54 24 22 80 100 73 23 90 15 35 21 36 30 50 58 33 95 
33 4 59 92 86 62 101 86 5 14 40 60 81 74 67 56 74 53 61 72 6 87 60 67 93 80 61 0 74 78 49 58 81 48 56 64 49 61 36 64 87 46 33 80 87 35 80 2 28 83 
77 70 42 26 20 16 43 81 78 60 38 80 11 47 33 51 62 46 22 31 73 52 29 27 30 62 46 74 0 45 48 38 7 34 24 24 60 80 62 23 48 49 42 41 29 42 5 73 51 58 
97 74 80 70 33 54 87 121 83 69 62 112 39 5 74 87 102 80 28 14 74 9 23 20 74 104 18 78 45 0 30 75 45 64 31 24 91 112 86 25 93 33 49 5 24 45 47 76 50 101 
72 45 66 74 48 48 89 106 54 41 43 90 48 26 65 70 88 64 25 27 44 39 20 26 77 92 12 49 48 30 0 62 52 48 24 26 71 91 63 26 87 3 25 32 44 20 53 46 22 91 
45 55 5 40 58 22 44 46 60 45 21 42 49 75 9 13 27 9 47 61 61 84 52 55 39 30 67 58 38 75 62 0 44 14 44 51 24 42 30 49 28 61 40 72 65 44 41 59 50 29 
84 77 49 25 15 23 42 86 85 67 45 87 6 48 38 57 67 52 26 32 80 50 32 28 29 67 48 81 7 45 52 44 0 41 29 26 67 86 69 26 52 53 48 40 25 48 2 80 57 62 
43 44 17 45 52 18 53 58 50 34 8 48 44 63 20 22 40 16 36 51 49 73 41 44 45 43 54 48 34 64 48 14 41 0 32 40 28 48 28 39 41 47 26 62 58 30 39 48 36 43 
68 52 48 50 30 25 65 90 61 44 31 80 27 31 44 55 71 48 5 19 54 41 8 13 53 73 24 56 24 31 24 44 29 32 0 9 60 80 55 8 65 25 23 30 31 21 29 55 29 71 
77 60 55 50 23 30 67 97 69 53 40 89 22 25 50 62 78 56 4 10 62 33 6 4 54 80 22 64 24 24 26 51 26 40 9 0 68 89 65 1 69 28 32 21 22 29 27 63 37 77 
24 48 20 64 80 44 64 37 48 40 29 20 71 90 32 12 25 15 64 79 54 101 68 72 62 31 80 49 60 91 71 24 67 28 60 68 0 20 13 67 44 70 46 90 86 51 64 51 53 36 
29 61 37 80 100 64 76 27 59 56 49 2 91 111 49 28 28 34 84 99 67 122 89 93 77 34 100 61 80 112 91 42 86 48 80 89 20 0 28 87 53 89 66 111 106 71 84 64 71 41 
15 35 28 70 79 46 74 50 35 27 25 27 72 84 39 22 38 22 60 75 41 96 63 68 69 44 73 36 62 86 63 30 69 28 55 65 13 28 0 63 55 61 38 85 84 43 67 38 43 48 
76 60 54 49 23 29 66 95 68 52 38 87 22 26 49 61 77 55 3 12 61 34 6 5 53 78 23 64 23 25 26 49 26 39 8 1 67 87 63 0 68 28 31 23 23 28 27 62 37 76 
68 84 27 33 67 40 24 40 87 74 49 55 58 94 22 32 25 33 66 79 89 101 73 73 28 21 90 87 48 93 87 28 52 41 65 69 44 53 55 68 0 87 67 89 77 71 49 88 78 14 
70 42 65 75 50 48 90 105 51 38 42 88 50 29 65 69 87 63 27 30 41 42 21 28 78 91 15 46 49 33 3 61 53 47 25 28 70 89 61 28 87 0 23 35 47 18 54 43 19 90 
48 29 43 63 52 33 75 81 37 21 19 65 48 47 45 46 65 40 28 40 31 59 28 35 65 69 35 33 42 49 25 40 48 26 23 32 46 66 38 31 67 23 0 50 54 5 48 32 10 69 
97 76 77 65 28 51 83 119 85 70 61 110 34 10 71 84 100 78 26 11 76 11 22 17 70 101 21 80 41 5 32 72 40 62 30 21 90 111 85 23 89 35 50 0 18 46 42 78 52 98 
98 83 70 49 10 43 67 110 91 75 59 106 18 28 62 78 91 72 26 17 84 27 27 19 54 91 36 87 29 24 44 65 25 58 31 22 86 106 84 23 77 47 54 18 0 51 28 85 59 87 
52 31 47 65 51 35 78 86 40 24 24 70 47 42 49 50 69 44 25 37 32 55 25 32 67 73 30 35 42 45 20 44 48 30 21 29 51 71 43 28 71 18 5 46 51 0 48 33 9 73 
82 76 46 23 18 21 40 84 84 66 43 84 9 50 36 55 65 50 27 34 79 53 33 30 27 64 50 80 5 47 53 41 2 39 29 27 64 84 67 27 49 54 48 42 28 48 0 79 57 60 
36 3 60 92 85 62 101 88 8 14 40 62 80 72 67 58 76 54 59 70 3 85 58 65 93 82 58 2 73 76 46 59 80 48 55 63 51 64 38 62 88 43 32 78 85 33 79 0 26 84 
50 24 53 74 60 43 86 89 33 19 29 70 56 47 56 54 73 49 34 44 24 60 32 39 75 78 33 28 51 50 22 50 57 36 29 37 53 71 43 37 78 19 10 52 59 9 57 26 0 79 
60 81 26 46 78 47 38 25 83 71 50 42 69 102 26 26 12 30 73 87 87 109 80 81 42 7 95 83 58 101 91 29 62 43 71 77 36 41 48 76 14 90 69 98 87 73 60 84 79 0 
142 159 154 135 145 157 163 177 148 157 172 157 175 145 165 147 145 168 162 160 
159 153 175 175 157 174 162 147 147 135 136 157 160 157 159 172 136 145 172 150 
171 166 177 166 135 163 135 147 153 163 175 178 139 172 175 166 168 159 135 135 
162 138 160 144 163 141 138 166 153 135 138 144 166 136 178 171 166 135 139 141 
166 138 142 174 177 141 160 165 166 163 168 148 169 150 159 154 157 165 141 177 
165 147 144 154 153 144 148 139 147 153 148 136 159 157 175 157 166 159 145 153 
144 135 171 136 153 153 156 177 138 165 175 171 135 139 148 153 151 162 160 163 
138 175 166 163 156 163 141 142 144 153 163 156 154 154 159 172 172 136 172 177 
168 168 171 171 174 139 145 148 169 171 177 172 169 166 159 148 151 166 157 163 
142 142 141 165 162 166 159 157 169 154 157 159 144 148 150 141 154 163 154 145 
157 154 141 150 141 166 163 160 154 144 147 163 153 153 148 138 142 175 162 177 
150 139 159 159 154 177 168 175 162 142 142 142 165 148 157 175 135 142 156 156 
153 168 139 172 144 156 178 153 154 160 153 171 166 178 153 141 177 141 139 162 
150 147 169 136 162 148 177 163 159 156 142 135 147 150 175 159 172 175 135 148 
157 153 141 145 154 160 156 153 168 160 136 141 175 172 145 159 141 142 144 168 
166 153 168 136 171 165 162 163 160 162 135 139 138 141 154 157 166 175 177 156 
159 135 162 154 175 172 135 139 139 147 172 172 166 163 174 157 150 156 144 135 
141 144 139 144 150 162 169 139 157 168 162 138 171 147 159 168 142 162 172 148 
175 166 142 163 153 136 144 168 162 153 168 169 165 177 135 138 159 171 144 138 
162 171 144 156 141 169 145 148 151 139 166 148 172 174 135 145 178 144 136 162 
163 172 153 150 171 154 154 150 148 163 156 177 157 166 154 163 157 165 135 175 
172 166 145 168 163 145 135 165 156 139 150 141 178 168 159 171 145 135 142 159 
165 166 159 144 154 135 175 177 166 177 175 162 166 141 150 153 154 151 139 177 
157 154 141 156 145 168 148 157 168 157 139 154 145 165 166 166 166 162 166 157 
162 162 139 150 171 154 168 148 174 175 145 151 151 154 175 163 142 145 144 177 
169 150 154 136 136 141 171 171 169 157 150 151 139 154 168 177 177 157 148 174 
154 159 145 172 136 144 157 144 156 168 144 145 141 165 150 145 172 144 138 165 
166 153 139 174 175 172 174 172 153 142 169 175 168 136 168 171 147 148 138 171 
138 148 138 145 135 156 157 175 165 162 160 154 135 166 148 177 162 145 172 138 
153 163 178 144 168 168 136 138 139 141 175 145 154 135 157 157 159 136 153 147 
163 135 166 166 168 138 166 150 148 162 154 169 148 154 135 138 145 139 141 151 
145 139 162 168 142 141 147 169 145 165 136 175 166 171 163 156 175 153 174 145 
135 150 138 150 172 139 154 141 145 163 159 159 171 145 148 135 153 162 169 163 
148 174 162 139 165 148 160 162 168 157 175 171 175 135 142 168 141 163 175 154 
148 156 135 141 166 150 142 141 135 135 174 148 174 159 154 162 172 136 147 162 
160 145 154 156 145 162 145 154 148 141 175 165 165 177 172 154 148 136 162 148 
138 159 163 177 138 141 162 177 144 175 162 171 142 138 150 154 168 162 175 138 
171 172 171 159 171 163 135 139 168 163 154 171 144 141 171 148 150 157 148 162 
154 175 154 163 135 171 139 171 154 136 175 147 175 166 174 166 151 174 174 139 
160 150 178 169 159 172 139 175 150 153 159 172 150 135 156 153 172 162 144 150 
163 141 165 162 174 159 150 148 154 145 156 136 165 157 172 145 153 178 144 171 
154 168 163 172 169 141 145 165 168 159 138 154 168 168 138 163 150 156 135 171 
169 157 175 154 138 169 166 157 171 175 148 145 166 178 141 159 141 154 144 177 
135 148 153 169 139 159 154 154 138 157 148 172 136 144 150 139 136 136 162 174 
135 177 142 169 177 148 148 139 169 162 139 171 177 160 163 136 141 141 159 144 
163 175 139 168 141 156 172 144 160 157 139 162 157 148 153 154 163 168 162 156 
151 168 150 150 150 136 154 156 142 135 168 172 177 175 160 139 151 156 150 177 
136 157 162 159 172 135 135 159 171 165 136 144 154 154 160 169 157 135 148 166 
138 139 162 136 135 144 142 151 168 160 150 171 139 178 150 135 135 153 159 171 
139 163 136 160 139 163 153 163 163 168 153 168 172 136 172 175 145 135 150 135 
4 4 4 4 4 4 4 4 4 4 4 4 4 4 4 4 4 4 4 4 
17 18 18 16 19 17 19 17 17 18 18 19 16 17 17 18 19 16 16 16 
7 6 6 7 7 7 6 6 7 6 6 6 7 6 6 7 6 6 6 6 
19 18 19 16 16 16 18 19 17 19 16 16 17 16 16 16 16 18 17 19 
14 14 12 12 12 12 14 14 13 14 14 13 14 13 13 14 14 13 13 12 
20 23 21 21 19 22 22 20 20 20 21 21 20 21 21 21 23 20 19 21 
6 7 7 7 6 6 7 6 7 6 6 6 6 6 7 6 7 7 6 6 
11 10 10 9 9 9 10 9 10 11 10 11 10 10 11 9 9 10 10 9 
4 4 4 4 4 4 4 4 4 4 4 4 4 4 4 4 4 4 4 4 
13 12 12 13 14 12 14 12 14 14 13 12 13 12 14 12 14 13 14 12 
1 1 1 1 1 1 1 1 1 1 1 1 1 1 1 1 1 1 1 1 
9 9 10 10 9 10 10 9 9 10 9 9 10 10 9 10 10 9 9 9 
4 4 4 4 4 4 4 4 4 4 4 4 4 4 4 4 4 4 4 4 
12 13 13 11 12 11 12 11 11 13 12 13 12 11 13 13 11 12 11 11 
12 14 14 14 13 14 12 12 14 13 14 12 12 14 12 14 12 12 12 13 
17 17 15 15 14 15 14 14 14 14 15 14 14 15 17 16 14 17 14 14 
2 2 2 2 2 2 2 2 2 2 2 2 2 2 2 2 2 2 2 2 
8 7 8 8 7 8 8 8 8 8 8 7 8 7 8 7 8 8 7 8 
3 3 3 3 3 3 3 3 3 3 3 3 3 3 3 3 3 3 3 3 
5 5 5 5 6 5 5 6 5 5 5 5 5 5 5 5 5 5 5 5 
1 1 1 1 1 1 1 1 1 1 1 1 1 1 1 1 1 1 1 1 
17 17 17 15 17 18 16 15 18 18 16 16 15 18 15 17 17 17 16 16 
11 12 11 11 13 11 11 12 12 11 11 11 13 11 12 12 11 13 12 13 
21 18 19 21 22 20 20 21 19 22 19 20 21 20 22 20 21 18 19 19 
13 13 14 12 14 13 14 14 12 13 14 12 13 12 12 13 13 14 12 12 
18 17 18 16 15 17 15 18 18 16 16 16 18 15 17 17 16 17 16 18 
5 5 5 5 5 5 5 5 5 5 5 5 5 5 6 5 6 6 5 6 
22 22 21 22 22 20 21 20 23 23 20 23 24 21 21 21 23 22 21 20 
12 11 10 12 11 10 10 11 10 10 11 11 11 11 10 10 12 11 10 11 
11 11 11 13 12 13 11 11 12 12 11 11 11 12 12 13 13 12 12 11 
22 19 19 21 23 20 22 22 22 19 21 22 21 23 23 19 22 19 20 19 
10 10 10 9 9 9 9 9 10 10 10 10 11 10 9 10 11 9 10 10 
20 20 21 22 19 21 23 19 22 20 20 22 19 23 23 21 19 20 23 23 
14 16 16 14 15 14 17 14 14 16 14 15 17 16 15 14 14 15 14 14 
15 15 15 15 14 16 13 15 13 13 15 14 15 14 14 13 14 14 15 15 
15 17 16 15 16 17 16 18 15 17 18 18 16 15 17 18 18 18 18 16 
9 10 10 9 9 9 9 10 10 9 10 10 11 9 9 9 10 10 9 9 
10 10 12 11 10 11 11 10 10 11 11 11 10 11 11 11 12 10 10 11 
14 13 14 14 13 14 15 13 13 13 13 13 14 13 16 15 14 14 13 15 
14 17 15 14 15 15 16 15 16 14 17 14 15 15 15 16 17 15 16 14 
23 20 22 20 21 22 20 24 20 21 24 20 21 21 22 23 23 22 20 22 
11 12 11 10 11 10 12 11 11 11 11 10 12 10 11 10 11 11 12 11 
19 19 19 16 16 17 19 19 19 19 17 18 19 19 19 17 16 18 16 19 
14 15 13 13 15 15 14 14 14 13 13 14 13 13 14 13 14 14 13 14 
11 13 11 11 13 13 13 11 12 13 13 11 12 11 11 12 11 12 11 12 
17 15 17 14 15 15 15 14 16 15 15 14 15 15 15 14 15 15 14 14 
14 13 13 13 14 14 15 14 13 13 13 13 14 13 13 15 14 14 15 13 
7 7 7 7 7 8 8 8 7 7 8 8 7 7 7 8 8 8 7 8 
18 19 18 20 20 19 20 22 21 20 19 22 21 21 20 22 21 19 21 18 
5 5 5 5 5 5 5 5 5 6 5 5 5 5 6 6 6 5 5 6 
0 0 0 0 0 0 1 0 0 0 1 0 0 0 0 0 0 0 0 0 
0 0 0 0 0 0 0 0 0 0 0 0 0 0 0 1 1 0 0 0 
1 1 1 1 1 1 1 1 1 1 1 1 1 1 1 1 0 1 1 1 
0 0 0 1 0 1 0 0 0 0 0 0 0 0 0 0 0 0 0 0 
0 0 0 0 0 0 0 0 1 0 0 1 0 0 0 0 0 0 0 0 
0 0 1 1 1 0 0 1 0 0 1 0 0 0 1 0 0 1 0 0 
1 1 1 1 1 1 1 1 1 1 1 1 0 1 1 1 1 1 1 1 
0 0 0 0 1 0 0 0 0 0 1 1 0 0 1 0 1 1 0 0 
1 1 1 1 1 1 1 1 0 1 1 1 1 1 1 1 1 1 1 0 
0 0 0 0 0 0 0 0 0 0 0 0 0 1 0 0 0 0 0 0 
0 0 0 0 0 0 0 1 0 0 1 1 1 0 0 1 0 1 0 1 
1 1 0 1 1 1 1 1 1 1 1 1 1 1 1 1 1 1 1 1 
0 0 1 0 0 0 1 0 0 1 1 1 1 1 0 0 0 1 0 1 
0 1 0 0 0 1 1 1 0 0 0 1 0 0 0 0 0 0 1 0 
1 0 0 0 1 1 0 1 1 1 0 0 0 0 0 0 0 0 1 1 
0 0 0 1 0 0 0 0 1 1 0 0 0 0 1 1 0 1 0 0 
1 0 0 1 0 0 0 1 0 0 0 1 1 0 0 1 0 0 1 0 
1 1 1 0 1 1 1 1 1 1 1 1 1 1 0 1 0 0 1 1 
0 0 0 1 0 1 0 0 0 1 1 0 0 1 0 1 1 1 1 0 
1 0 1 1 0 1 1 1 0 1 1 1 1 1 0 1 1 1 0 1 
1 1 0 1 0 1 1 1 1 1 1 1 1 1 1 1 1 1 1 0 
0 0 0 0 0 1 0 0 1 0 1 0 0 0 0 0 0 0 0 0 
0 0 0 1 0 0 1 0 0 0 0 0 0 1 0 0 0 1 0 0 
0 1 0 1 0 0 0 1 0 1 0 0 0 0 0 0 0 0 0 0 
0 0 0 0 0 0 0 0 0 0 0 0 0 0 0 0 1 0 0 0 
0 0 0 0 0 0 0 0 1 0 0 1 0 0 0 0 0 0 0 0 
1 1 0 0 0 0 1 0 0 1 1 1 1 1 0 1 0 1 1 0 
1 1 0 1 1 0 0 0 1 0 1 0 1 1 1 1 0 0 0 1 
1 0 0 0 0 0 0 1 0 1 1 0 1 0 1 1 0 1 0 0 
1 0 0 0 1 1 0 0 0 1 0 1 0 1 0 1 1 1 1 0 
1 0 1 1 1 0 1 0 1 0 0 1 0 0 1 1 0 0 0 0 
1 1 1 1 0 1 1 1 1 1 1 1 0 1 1 0 1 0 1 1 
1 1 1 1 1 1 0 1 1 1 1 1 0 1 0 1 0 1 1 1 
0 0 0 1 0 1 0 0 0 0 0 0 0 0 1 0 0 1 0 0 
1 1 1 0 0 1 1 1 0 1 1 1 0 1 0 0 1 1 0 1 
1 1 1 1 1 1 0 1 1 1 1 1 1 1 1 1 1 1 1 1 
1 1 1 1 1 1 1 1 1 1 1 0 1 1 1 0 1 1 1 1 
0 0 0 0 0 1 0 1 0 1 0 1 0 0 0 1 1 0 0 0 
0 1 0 0 1 0 0 1 1 1 1 1 0 0 0 1 1 0 1 1 
1 1 1 1 1 1 0 0 1 1 1 0 1 1 1 1 1 1 0 1 
0 1 1 0 0 0 1 0 1 0 1 1 0 1 1 1 1 1 0 0 
1 1 0 1 1 1 0 1 0 1 0 1 0 1 0 1 0 1 1 0 
1 0 0 0 0 0 0 0 1 1 0 1 1 1 0 1 1 0 0 0 
1 1 1 0 1 0 1 1 0 1 0 1 1 1 1 1 0 0 0 1 
0 1 0 1 1 1 1 1 1 0 1 1 1 1 0 1 1 1 0 0 
0 0 0 0 0 0 0 0 0 0 0 0 0 0 0 1 0 0 0 0 
1 0 0 0 0 0 0 1 0 0 0 0 0 0 0 0 0 0 1 0 
0 0 0 1 0 0 0 0 0 0 0 0 0 0 0 0 1 0 1 0 
0 1 1 1 0 0 1 0 1 1 0 1 1 0 1 1 1 1 1 1 
1 1 1 1 1 0 1 1 0 1 1 1 0 1 1 0 0 1 0 0 
1 1 1 1 1 0 0 1 1 1 1 0 0 1 0 1 1 1 1 1 
0 0 0 0 0 0 0 0 1 0 0 0 1 0 0 1 0 1 0 0 
1 0 0 1 0 0 0 1 0 0 0 1 1 1 0 0 0 0 0 0 
1 0 1 1 0 1 1 1 1 0 1 1 1 0 0 1 1 0 0 0 
0 0 1 1 1 1 0 1 1 1 1 1 1 1 1 1 1 1 1 0 
1 1 1 0 1 1 0 1 1 1 1 1 1 1 1 1 1 0 1 0 
0 0 1 0 0 1 0 1 1 0 1 1 1 1 0 0 1 1 0 0 
1 0 0 0 0 0 0 0 0 1 1 1 1 0 0 0 0 1 0 0 
0 0 0 0 1 1 0 1 0 1 0 1 0 1 0 1 1 1 1 1 
1 1 1 1 0 1 1 1 1 0 1 1 0 1 0 0 1 1 0 1 
1 1 1 1 1 1 1 1 1 1 1 1 1 1 1 1 1 1 1 1 
1 1 0 0 1 0 1 1 0 0 0 0 1 0 1 0 0 0 0 1 
0 1 0 1 1 1 1 1 1 1 0 0 1 0 0 0 0 0 0 0 
0 0 1 1 0 1 0 1 0 0 1 0 1 1 0 1 1 1 0 0 
1 1 1 1 1 1 1 0 1 1 1 1 1 0 0 1 1 1 1 1 
0 0 0 0 0 0 0 0 0 0 0 0 0 0 0 0 0 0 0 1 
1 1 1 1 1 1 1 1 0 1 1 1 1 1 1 1 0 1 0 0 
0 0 1 1 1 1 1 1 0 0 1 0 1 1 1 0 1 0 1 0 
1 1 1 0 1 0 1 1 0 1 0 1 0 1 0 1 1 1 0 1 
0 0 0 0 0 1 0 0 0 1 0 0 1 0 0 1 0 0 0 1 
1 1 0 1 1 0 1 1 1 0 0 0 1 0 1 1 1 1 1 1 
1 1 1 1 1 0 1 1 1 1 1 1 1 1 1 1 1 1 1 1 
0 1 1 1 0 1 1 1 1 1 1 0 0 1 0 0 1 1 0 1 
1 1 1 1 1 1 1 1 1 1 1 1 1 1 1 1 1 1 1 1 
0 0 0 1 0 0 0 0 1 1 0 1 1 1 0 0 0 0 1 0 
1 1 0 1 1 1 1 1 1 1 0 1 1 1 1 1 0 1 1 1 
1 0 1 0 0 0 0 0 0 0 1 0 0 1 0 1 1 1 0 1 
1 1 1 1 1 1 1 1 1 1 1 1 1 1 1 1 1 1 1 1 
0 1 0 0 0 1 0 1 1 1 1 0 0 0 0 0 0 0 1 0 
1 1 1 1 1 1 1 1 1 1 1 1 1 1 1 1 1 0 1 1 
1 0 0 0 0 0 0 0 0 1 0 0 0 0 0 0 0 0 1 0 
1 1 0 1 0 1 1 1 0 1 1 0 1 1 1 1 1 1 1 1 
0 1 1 1 1 1 1 1 1 1 1 1 1 1 0 1 1 1 1 1 
1 1 1 1 0 1 1 1 1 1 1 1 1 1 1 1 1 1 1 1 
1 1 1 1 0 1 1 1 1 1 1 1 1 1 1 1 1 0 0 0 
0 0 0 1 1 0 1 0 1 1 1 1 0 0 1 1 1 1 1 1 
1 1 1 1 1 1 1 0 1 1 1 0 1 1 0 1 1 1 1 1 
1 1 1 1 1 0 1 1 1 1 0 1 1 1 0 1 1 0 1 1 
1 1 1 1 1 1 0 1 0 0 0 1 1 0 1 1 0 0 0 1 
1 0 1 1 1 1 1 1 1 0 1 1 1 1 1 1 1 1 1 1 
1 1 1 1 1 1 1 1 1 0 1 1 1 1 1 1 1 1 1 1 
0 0 0 1 0 1 0 1 0 0 0 1 1 0 0 0 0 1 0 0 
1 1 1 1 0 1 1 1 1 1 1 1 1 1 1 1 1 0 1 1 
1 1 1 1 1 1 1 1 1 1 1 0 1 1 0 1 1 1 1 1 
0 0 0 0 0 0 0 0 0 1 0 0 0 1 0 0 0 0 1 0 
1 0 0 0 0 1 1 1 0 0 1 0 1 0 0 0 0 1 0 0 
0 0 0 0 0 0 0 0 0 0 0 0 0 0 0 1 0 0 0 0 
1 0 1 1 1 1 1 0 1 1 1 1 0 1 1 0 1 1 1 1 
1 0 1 1 1 1 1 1 1 1 1 0 1 0 1 1 1 1 1 1 
0 0 0 0 0 0 1 0 0 0 1 0 0 0 0 0 0 0 0 1 
0.18
0.28
0.28
0.2
0.02
0.05
0.27
0.27
0.05
0.19
0.06
0.11
0.28
0.25
0.22
0.06
0.24
0.3
0.12
0.24
