45 9 4
0 39 36 26 40 37 35 26 42 28 25 32 21 34 27 29 17 32 33 27 31 10 37 41 15 12 36 31 35 29 16 22 32 21 41 28 35 18 39 33 20 35 25 35 37 
39 0 37 33 34 59 37 37 27 34 38 34 35 23 36 22 34 24 24 34 38 44 26 31 44 43 23 23 29 30 36 40 35 33 12 34 34 40 20 38 34 38 35 19 33 
36 37 0 37 22 55 23 13 12 34 33 25 15 14 29 30 42 22 37 29 28 26 33 39 24 33 36 24 27 19 30 31 22 34 25 38 26 28 29 16 23 29 38 31 34 
26 33 37 0 43 50 35 24 36 30 25 15 35 26 32 27 33 29 33 30 34 24 17 27 32 38 10 32 35 26 21 37 30 33 21 35 22 25 29 26 14 30 31 15 28 
40 34 22 43 0 41 23 22 15 39 33 35 36 24 17 38 45 42 40 41 31 33 36 40 33 48 41 33 32 33 24 41 25 36 30 37 34 43 40 38 32 29 18 28 35 
37 59 55 50 41 0 51 54 43 41 52 49 44 59 55 46 41 55 52 52 45 41 33 53 43 25 44 45 43 57 49 50 33 37 50 28 56 38 53 54 49 41 47 41 36 
35 37 23 35 23 51 0 33 28 24 10 31 28 36 32 36 24 30 30 30 25 25 36 26 34 40 25 30 32 27 37 19 18 36 36 36 20 31 17 39 28 20 38 38 38 
26 37 13 24 22 54 33 0 25 21 23 14 28 25 32 17 29 23 24 23 36 20 32 31 11 36 25 36 31 22 21 26 26 31 25 31 13 21 27 25 10 26 35 25 27 
42 27 12 36 15 43 28 25 0 24 29 29 21 18 29 37 30 29 25 30 16 32 21 38 32 37 26 22 26 18 31 31 10 25 15 33 19 34 28 28 26 35 30 26 32 
28 34 34 30 39 41 24 21 24 0 16 35 30 37 41 29 25 29 32 30 29 30 42 27 32 28 31 29 30 21 32 22 34 38 26 20 26 10 31 41 20 27 31 15 35 
25 38 33 25 33 52 10 23 29 16 0 37 25 37 25 32 34 20 37 31 34 15 26 16 34 31 15 36 28 30 27 29 28 26 26 36 10 26 24 33 18 11 30 28 37 
32 34 25 15 35 49 31 14 29 35 37 0 26 11 34 29 24 37 27 30 30 22 32 36 25 32 25 23 20 24 23 28 34 33 22 35 27 35 14 31 24 40 30 30 13 
21 35 15 35 36 44 28 28 21 30 25 26 0 15 28 34 31 11 34 22 25 11 24 31 34 27 33 13 35 33 25 26 11 22 24 30 21 20 23 25 21 14 26 25 23 
34 23 14 26 24 59 36 25 18 37 37 11 15 0 29 19 31 26 38 24 28 26 39 25 29 40 22 22 30 33 18 17 26 30 11 33 34 29 25 30 35 29 37 22 24 
27 36 29 32 17 55 32 32 29 41 25 34 28 29 0 23 35 28 48 34 26 25 48 41 22 35 35 35 19 36 11 32 33 23 24 34 35 33 42 30 30 14 32 35 45 
29 22 30 27 38 46 36 17 37 29 32 29 34 19 23 0 12 39 28 37 29 28 37 23 25 21 17 39 39 39 14 36 32 26 28 40 29 36 41 28 27 37 41 30 42 
17 34 42 33 45 41 24 29 30 25 34 24 31 31 35 12 0 32 23 33 26 27 25 30 32 16 29 32 36 42 26 39 20 28 24 43 41 35 36 40 33 30 34 18 37 
32 24 22 29 42 55 30 23 29 29 20 37 11 26 28 39 32 0 33 11 14 22 35 26 23 36 22 24 24 30 26 22 22 24 25 31 10 31 24 14 29 14 30 14 34 
33 24 37 33 40 52 30 24 25 32 37 27 34 38 48 28 23 33 0 24 38 23 46 31 35 39 23 41 45 23 37 35 33 32 30 50 27 40 13 37 33 47 35 19 35 
27 34 29 30 41 52 30 23 30 30 31 30 22 24 34 37 33 11 24 0 25 26 34 27 12 39 33 35 24 26 23 11 33 35 26 32 21 23 16 13 30 25 23 15 30 
31 38 28 34 31 45 25 36 16 29 34 30 25 28 26 29 26 14 38 25 0 29 37 27 26 39 36 30 10 16 15 23 26 27 30 17 24 19 26 21 28 28 35 19 40 
10 44 26 24 33 41 25 20 32 30 15 22 11 26 25 28 27 22 23 26 29 0 35 31 25 16 30 21 28 22 14 15 22 11 32 31 25 21 30 36 10 25 15 25 30 
37 26 33 17 36 33 36 32 21 42 26 32 24 39 48 37 25 35 46 34 37 35 0 42 38 25 27 37 34 39 38 23 31 37 33 45 28 35 42 43 31 37 41 32 27 
41 31 39 27 40 53 26 31 38 27 16 36 31 25 41 23 30 26 31 27 27 31 42 0 39 42 31 34 37 33 37 38 37 31 23 42 26 32 35 40 21 27 28 12 41 
15 44 24 32 33 43 34 11 32 32 34 25 34 29 22 25 32 23 35 12 26 25 38 39 0 27 36 39 28 14 11 15 36 23 36 20 24 27 24 25 21 35 35 27 34 
12 43 33 38 48 25 40 36 37 28 31 32 27 40 35 21 16 36 39 39 39 16 25 42 27 0 38 37 41 38 24 31 36 12 40 37 41 30 31 30 26 28 31 32 45 
36 23 36 10 41 44 25 25 26 31 15 25 33 22 35 17 29 22 23 33 36 30 27 31 36 38 0 22 28 36 31 39 33 31 11 33 12 31 26 35 24 26 30 22 28 
31 23 24 32 33 45 30 36 22 29 36 23 13 22 35 39 32 24 41 35 30 21 37 34 39 37 22 0 32 40 35 29 12 32 11 33 34 33 30 38 28 27 15 22 10 
35 29 27 35 32 43 32 31 26 30 28 20 35 30 19 39 36 24 45 24 10 28 34 37 28 41 28 32 0 26 25 13 29 37 21 15 18 20 32 11 31 33 34 29 32 
29 30 19 26 33 57 27 22 18 21 30 24 33 33 36 39 42 30 23 26 16 22 39 33 14 38 36 40 26 0 25 29 28 29 29 33 24 23 10 35 12 28 25 27 32 
16 36 30 21 24 49 37 21 31 32 27 23 25 18 11 14 26 26 37 23 15 14 38 37 11 24 31 35 25 25 0 26 25 12 29 31 34 22 31 36 24 25 27 34 36 
22 40 31 37 41 50 19 26 31 22 29 28 26 17 32 36 39 22 35 11 23 15 23 38 15 31 39 29 13 29 26 0 37 26 28 22 31 12 27 24 23 36 28 26 19 
32 35 22 30 25 33 18 26 10 34 28 34 11 26 33 32 20 22 33 33 26 22 31 37 36 36 33 12 29 28 25 37 0 33 23 37 29 27 20 36 16 25 20 26 22 
21 33 34 33 36 37 36 31 25 38 26 33 22 30 23 26 28 24 32 35 27 11 37 31 23 12 31 32 37 29 12 26 33 0 34 25 33 32 19 38 21 36 26 36 41 
41 12 25 21 30 50 36 25 15 26 26 22 24 11 24 28 24 25 30 26 30 32 33 23 36 40 11 11 21 29 29 28 23 34 0 22 23 32 19 29 26 37 26 11 21 
28 34 38 35 37 28 36 31 33 20 36 35 30 33 34 40 43 31 50 32 17 31 45 42 20 37 33 33 15 33 31 22 37 25 22 0 33 10 41 26 21 37 19 31 35 
35 34 26 22 34 56 20 13 19 26 10 27 21 34 35 29 41 10 27 21 24 25 28 26 24 41 12 34 18 24 34 31 29 33 23 33 0 34 14 23 23 21 38 24 27 
18 40 28 25 43 38 31 21 34 10 26 35 20 29 33 36 35 31 40 23 19 21 35 32 27 30 31 33 20 23 22 12 27 32 32 10 34 0 33 31 11 27 29 21 25 
39 20 29 29 40 53 17 27 28 31 24 14 23 25 42 41 36 24 13 16 26 30 42 35 24 31 26 30 32 10 31 27 20 19 19 41 14 33 0 29 22 35 24 23 27 
33 38 16 26 38 54 39 25 28 41 33 31 25 30 30 28 40 14 37 13 21 36 43 40 25 30 35 38 11 35 36 24 36 38 29 26 23 31 29 0 35 28 36 28 43 
20 34 23 14 32 49 28 10 26 20 18 24 21 35 30 27 33 29 33 30 28 10 31 21 21 26 24 28 31 12 24 23 16 21 26 21 23 11 22 35 0 16 25 15 20 
35 38 29 30 29 41 20 26 35 27 11 40 14 29 14 37 30 14 47 25 28 25 37 27 35 28 26 27 33 28 25 36 25 36 37 37 21 27 35 28 16 0 25 28 36 
25 35 38 31 18 47 38 35 30 31 30 30 26 37 32 41 34 30 35 23 35 15 41 28 35 31 30 15 34 25 27 28 20 26 26 19 38 29 24 36 25 25 0 16 17 
35 19 31 15 28 41 38 25 26 15 28 30 25 22 35 30 18 14 19 15 19 25 32 12 27 32 22 22 29 27 34 26 26 36 11 31 24 21 23 28 15 28 16 0 32 
37 33 34 28 35 36 38 27 32 35 37 13 23 24 45 42 37 34 35 30 40 30 27 41 34 45 28 10 32 32 36 19 22 41 21 35 27 25 27 43 20 36 17 32 0 
35 44 38 35 
40 38 43 40 
38 35 42 37 
43 43 42 34 
39 40 42 36 
34 38 35 35 
36 41 44 40 
37 41 44 39 
36 37 36 41 
40 44 40 38 
37 38 43 41 
41 43 40 42 
43 35 33 34 
35 43 37 42 
39 44 40 34 
38 37 44 39 
33 34 39 35 
40 41 44 40 
41 36 37 36 
36 41 39 38 
37 43 40 33 
37 43 34 34 
33 44 42 38 
34 40 34 37 
37 42 42 43 
33 44 38 40 
42 35 39 44 
43 34 35 40 
43 39 41 44 
43 44 37 36 
36 35 43 35 
43 37 36 40 
35 36 43 37 
40 34 37 38 
43 36 38 33 
42 40 42 35 
37 42 42 40 
41 35 38 44 
43 38 34 38 
42 36 34 39 
38 35 36 38 
42 43 38 43 
37 41 39 43 
36 42 43 42 
33 35 38 44 
1 1 1 1 
1 1 1 1 
1 1 1 1 
1 1 1 1 
1 1 1 1 
1 1 1 1 
1 1 1 1 
1 1 1 1 
1 1 1 1 
1 1 1 1 
1 1 1 1 
1 1 1 1 
1 1 1 1 
1 1 1 1 
1 1 1 1 
1 1 1 1 
1 1 1 1 
1 1 1 1 
1 1 1 1 
1 1 1 1 
1 1 1 1 
1 1 1 1 
1 1 1 1 
1 1 1 1 
1 1 1 1 
1 1 1 1 
1 1 1 1 
1 1 1 1 
1 1 1 1 
1 1 1 1 
1 1 1 1 
1 1 1 1 
1 1 1 1 
1 1 1 1 
1 1 1 1 
1 1 1 1 
1 1 1 1 
1 1 1 1 
1 1 1 1 
1 1 1 1 
1 1 1 1 
1 1 1 1 
1 1 1 1 
1 1 1 1 
1 1 1 1 
1 1 1 1 
1 0 1 1 
1 0 1 1 
0 1 1 0 
1 1 1 1 
1 1 1 1 
1 0 1 1 
1 1 0 1 
0 0 1 1 
1 1 0 1 
0 1 1 1 
0 1 1 1 
1 0 1 1 
0 1 0 0 
1 0 1 0 
0 1 1 0 
0 1 1 1 
1 1 1 0 
0 1 1 0 
0 0 1 0 
1 1 1 1 
1 0 0 0 
1 1 0 1 
1 0 1 1 
1 1 0 1 
0 0 0 1 
0 0 0 1 
1 0 0 1 
0 0 1 0 
1 1 1 1 
1 0 0 0 
0 1 1 1 
0 1 1 0 
1 1 0 0 
0 1 1 1 
1 1 1 1 
1 1 1 1 
1 1 1 0 
1 1 1 1 
0 1 0 0 
0 0 0 1 
0 0 1 1 
1 1 1 1 
0 0 1 1 
0 1 1 1 
1 0 0 1 
0 0 1 0 
0 1 1 1 
1 0 0 1 
0 0 1 0 
0 0 0 0 
1 1 1 1 
1 1 1 0 
1 0 1 0 
0 1 1 0 
0 1 0 1 
1 0 0 0 
0 0 0 0 
1 1 1 1 
1 0 1 0 
1 0 1 1 
0 0 0 0 
1 1 1 1 
1 1 1 1 
0 0 0 0 
1 0 0 0 
1 1 1 1 
1 0 1 0 
1 1 1 1 
0 0 0 1 
0 0 0 1 
0 1 1 1 
1 0 0 0 
1 1 0 0 
1 1 1 0 
1 0 0 0 
0 0 0 0 
1 1 1 1 
0 0 0 0 
0 1 1 1 
0 0 0 0 
1 1 1 1 
1 0 1 1 
0 0 1 0 
1 1 1 1 
1 1 1 1 
1 0 1 1 
1 0 1 1 
0 1 1 1 
0 0 0 0 
0.1
0.1
0.1
0.1
