50 16 5
0 23 27 23 33 21 34 29 32 25 35 31 39 26 35 19 38 23 35 24 24 14 38 14 35 34 24 38 32 46 13 39 36 23 34 29 26 24 26 44 37 28 39 40 33 23 36 35 44 36 
23 0 30 30 28 31 29 41 32 22 33 32 34 41 16 33 29 22 32 27 24 34 33 35 26 33 32 36 14 33 10 36 23 20 11 26 23 36 23 30 35 25 26 22 32 14 31 21 36 13 
27 30 0 40 23 14 31 28 35 40 19 34 26 24 29 15 12 25 38 25 34 34 35 35 35 26 24 42 32 32 38 37 29 39 35 26 25 26 36 37 35 35 40 30 36 43 15 35 32 33 
23 30 40 0 34 27 39 36 34 42 25 40 36 35 22 26 29 31 41 29 23 32 40 19 29 38 39 19 33 33 30 25 29 40 40 14 40 34 27 27 45 29 43 25 36 16 25 34 33 43 
33 28 23 34 0 12 32 17 22 38 26 33 41 26 27 25 30 23 40 23 11 21 32 33 31 33 28 40 30 35 27 38 27 24 19 27 34 32 23 23 15 12 34 36 24 21 16 29 41 15 
21 31 14 27 12 0 26 14 21 26 14 21 33 28 15 13 26 11 33 11 23 32 33 21 26 21 29 28 24 27 34 27 15 25 21 25 22 24 22 32 27 23 34 36 34 30 28 25 31 27 
34 29 31 39 32 26 0 37 39 16 38 41 35 26 26 39 36 31 33 28 43 33 31 20 42 21 40 30 15 44 25 38 37 15 29 27 38 33 32 31 35 40 26 22 37 40 16 39 16 42 
29 41 28 36 17 14 37 0 29 40 28 35 47 33 29 27 40 25 35 25 18 28 47 17 29 35 32 31 38 41 42 41 18 39 30 39 30 38 29 38 32 29 42 40 31 28 31 39 45 32 
32 32 35 34 22 21 39 29 0 25 31 20 39 30 22 22 42 10 23 26 11 21 38 33 27 21 16 35 33 42 37 26 22 36 21 37 36 33 21 27 34 34 13 38 24 21 38 12 23 37 
25 22 40 42 38 26 16 40 25 0 36 25 19 36 27 27 38 15 35 35 32 36 39 34 35 25 35 46 31 46 12 31 38 22 26 28 25 20 22 31 30 27 14 38 38 34 32 36 24 35 
35 33 19 25 26 14 38 28 31 36 0 31 29 32 29 27 26 21 35 25 34 39 39 35 18 32 29 27 38 13 27 22 29 37 32 11 33 26 31 28 26 37 43 22 36 24 22 36 45 21 
31 32 34 40 33 21 41 35 20 25 31 0 39 32 22 22 41 10 32 31 27 20 42 33 21 21 10 37 33 36 37 15 24 36 21 26 36 31 21 21 31 37 33 37 22 28 37 21 39 35 
39 34 26 36 41 33 35 47 39 19 29 39 0 45 18 20 33 29 23 32 30 40 35 42 33 35 35 45 29 42 31 45 44 41 36 34 34 31 36 45 40 37 30 45 39 20 41 34 20 40 
26 41 24 35 26 28 26 33 30 36 32 32 45 0 32 31 12 35 27 33 22 12 36 25 33 37 22 40 27 34 36 32 36 31 34 21 25 28 29 26 11 33 22 30 13 32 10 33 32 33 
35 16 29 22 27 15 26 29 22 27 29 22 18 32 0 24 20 12 29 24 26 27 30 30 28 18 17 33 11 41 26 28 26 35 18 33 33 35 18 27 32 19 33 38 29 16 28 28 36 29 
19 33 15 26 25 13 39 27 22 27 27 22 20 31 24 0 27 12 35 24 29 33 20 33 36 23 32 41 35 40 23 27 28 29 22 36 21 11 23 34 20 36 35 39 30 29 25 32 35 40 
38 29 12 29 30 26 36 40 42 38 26 41 33 12 20 27 0 32 37 24 34 24 35 34 27 34 34 30 31 22 26 26 38 36 30 15 13 38 30 37 23 39 30 18 25 32 22 38 20 21 
23 22 25 31 23 11 31 25 10 15 21 10 29 35 12 12 32 0 23 21 17 23 32 23 24 11 20 34 23 34 27 16 23 26 11 27 28 23 11 22 29 31 23 36 23 19 37 21 29 35 
35 32 38 41 40 33 33 35 23 35 35 32 23 27 29 35 37 23 0 22 34 31 37 22 33 12 22 36 18 22 23 39 33 33 21 39 24 46 27 23 37 38 21 37 32 42 35 11 25 42 
24 27 25 29 23 11 28 25 26 35 25 31 32 33 24 24 24 21 22 0 31 21 32 10 26 10 25 31 13 36 24 37 18 34 23 36 11 35 22 21 38 34 38 40 34 39 30 14 40 32 
24 24 34 23 11 23 43 18 11 32 34 27 30 22 26 29 34 17 34 31 0 10 34 23 23 28 17 41 35 35 34 33 31 35 28 27 25 40 28 20 23 23 24 35 13 10 27 23 34 26 
14 34 34 32 21 32 33 28 21 36 39 20 40 12 27 33 24 23 31 21 10 0 24 13 21 31 10 31 31 45 27 33 24 37 31 33 32 38 25 30 23 33 34 29 19 20 22 21 39 35 
38 33 35 40 32 33 31 47 38 39 39 42 35 36 30 20 35 32 37 32 34 24 0 37 21 26 32 40 19 42 43 33 32 42 33 36 36 31 33 35 40 40 25 40 41 34 36 33 15 29 
14 35 35 19 33 21 20 17 33 34 35 33 42 25 30 33 34 23 22 10 23 13 37 0 25 20 23 24 23 38 27 37 23 29 33 33 21 38 12 31 30 42 40 37 26 33 35 24 30 36 
35 26 35 29 31 26 42 29 27 35 18 21 33 33 28 36 27 24 33 26 23 21 21 25 0 35 11 24 35 31 28 12 11 30 23 15 15 28 13 35 31 19 38 26 23 13 26 22 31 17 
34 33 26 38 33 21 21 35 21 25 32 21 35 37 18 23 34 11 12 10 28 31 26 20 35 0 31 33 23 26 34 27 28 36 22 38 21 34 22 11 34 27 33 43 24 30 37 23 37 42 
24 32 24 39 28 29 40 32 16 35 29 10 35 22 17 32 34 20 22 25 17 10 32 23 11 31 0 27 25 40 37 23 14 36 21 26 26 39 24 25 22 30 29 37 12 24 32 11 39 25 
38 36 42 19 40 28 30 31 35 46 27 37 45 40 33 41 30 34 36 31 41 31 40 24 24 33 27 0 30 14 45 36 13 35 25 33 39 42 36 29 29 43 35 44 39 35 38 35 25 32 
32 14 32 33 30 24 15 38 33 31 38 33 29 27 11 35 31 23 18 13 35 31 19 23 35 23 25 30 0 30 24 27 26 30 14 28 24 43 24 16 32 30 29 36 22 27 17 24 31 27 
46 33 32 33 35 27 44 41 42 46 13 36 42 34 41 40 22 34 22 36 35 45 42 38 31 26 40 14 30 0 40 35 27 49 39 24 35 39 44 15 38 31 42 35 28 37 35 33 39 20 
13 10 38 30 27 34 25 42 37 12 27 37 31 36 26 23 26 27 23 24 34 27 43 27 28 34 37 45 24 40 0 26 32 10 21 16 13 28 27 31 25 15 26 27 35 24 27 31 36 23 
39 36 37 25 38 27 38 41 26 31 22 15 45 32 28 27 26 16 39 37 33 33 33 37 12 27 23 36 27 35 26 0 23 34 27 11 27 16 25 36 33 31 39 22 35 25 22 34 41 29 
36 23 29 29 27 15 37 18 22 38 29 24 44 36 26 28 38 23 33 18 31 24 32 23 11 28 14 13 26 27 32 23 0 22 12 26 26 29 24 39 36 30 27 37 26 24 37 22 37 28 
23 20 39 40 24 25 15 39 36 22 37 36 41 31 35 29 36 26 33 34 35 37 42 29 30 36 36 35 30 49 10 34 22 0 31 26 23 18 17 41 20 25 36 37 30 34 31 29 27 33 
34 11 35 40 19 21 29 30 21 26 32 21 36 34 18 22 30 11 21 23 28 31 33 33 23 22 21 25 14 39 21 27 12 31 0 37 34 33 22 30 31 31 15 33 21 25 31 10 25 24 
29 26 26 14 27 25 27 39 37 28 11 26 34 21 33 36 15 27 39 36 27 33 36 33 15 38 26 33 28 24 16 11 26 26 37 0 28 27 28 39 32 31 42 11 34 17 11 37 35 32 
26 23 25 40 34 22 38 30 36 25 33 36 34 25 33 21 13 28 24 11 25 32 36 21 15 21 26 39 24 35 13 27 26 23 34 28 0 30 17 32 35 28 39 31 38 28 35 25 33 32 
24 36 26 34 32 24 33 38 33 20 26 31 31 28 35 11 38 23 46 35 40 38 31 38 28 34 39 42 43 39 28 16 29 18 33 27 30 0 34 27 17 43 34 28 27 40 36 43 38 45 
26 23 36 27 23 22 32 29 21 22 31 21 36 29 18 23 30 11 27 22 28 25 33 12 13 22 24 36 24 44 27 25 24 17 22 28 17 34 0 33 18 32 28 25 28 26 38 16 18 30 
44 30 37 27 23 32 31 38 27 31 28 21 45 26 27 34 37 22 23 21 20 30 35 31 35 11 25 29 16 15 31 36 39 41 30 39 32 27 33 0 23 16 27 48 13 30 33 34 27 34 
37 35 35 45 15 27 35 32 34 30 26 31 40 11 32 20 23 29 37 38 23 23 40 30 31 34 22 29 32 38 25 33 36 20 31 32 35 17 18 23 0 27 33 25 10 33 21 33 36 30 
28 25 35 29 12 23 40 29 34 27 37 37 37 33 19 36 39 31 38 34 23 33 40 42 19 27 30 43 30 31 15 31 30 25 31 31 28 43 32 16 27 0 41 36 29 27 28 37 43 27 
39 26 40 43 34 34 26 42 13 14 43 33 30 22 33 35 30 23 21 38 24 34 25 40 38 33 29 35 29 42 26 39 27 36 15 42 39 34 28 27 33 41 0 48 24 34 32 25 10 39 
40 22 30 25 36 36 22 40 38 38 22 37 45 30 38 39 18 36 37 40 35 29 40 37 26 43 37 44 36 35 27 22 37 37 33 11 31 28 25 48 25 36 48 0 35 28 22 26 38 35 
33 32 36 36 24 34 37 31 24 38 36 22 39 13 29 30 25 23 32 34 13 19 41 26 23 24 12 39 22 28 35 35 26 30 21 34 38 27 28 13 10 29 24 35 0 23 23 23 34 21 
23 14 43 16 21 30 40 28 21 34 24 28 20 32 16 29 32 19 42 39 10 20 34 33 13 30 24 35 27 37 24 25 24 34 25 17 28 40 26 30 33 27 34 28 23 0 28 33 40 27 
36 31 15 25 16 28 16 31 38 32 22 37 41 10 28 25 22 37 35 30 27 22 36 35 26 37 32 38 17 35 27 22 37 31 31 11 35 36 38 33 21 28 32 22 23 28 0 41 32 31 
35 21 35 34 29 25 39 39 12 36 36 21 34 33 28 32 38 21 11 14 23 21 33 24 22 23 11 35 24 33 31 34 22 29 10 37 25 43 16 34 33 37 25 26 23 33 41 0 34 34 
44 36 32 33 41 31 16 45 23 24 45 39 20 32 36 35 20 29 25 40 34 39 15 30 31 37 39 25 31 39 36 41 37 27 25 35 33 38 18 27 36 43 10 38 34 40 32 34 0 32 
36 13 33 43 15 27 42 32 37 35 21 35 40 33 29 40 21 35 42 32 26 35 29 36 17 42 25 32 27 20 23 29 28 33 24 32 32 45 30 34 30 27 39 35 21 27 31 34 32 0 
39 49 43 39 45 
43 48 44 43 39 
47 41 48 48 46 
38 44 44 47 40 
38 42 39 39 40 
45 49 44 41 46 
49 44 40 41 40 
45 44 49 44 42 
41 43 48 46 46 
48 44 47 48 39 
37 38 39 48 42 
47 43 49 45 38 
43 41 49 43 37 
38 44 39 44 45 
49 45 46 40 41 
41 40 46 43 42 
41 48 44 37 41 
48 38 38 37 49 
47 43 38 45 38 
41 41 46 47 48 
37 49 42 44 46 
39 44 49 48 38 
39 45 48 43 46 
49 48 49 42 40 
40 39 48 39 48 
42 40 45 39 40 
48 41 45 38 41 
42 48 40 42 37 
47 45 47 39 41 
47 47 44 46 39 
43 49 48 42 38 
43 47 40 38 44 
43 39 40 42 47 
48 42 48 41 46 
44 48 40 47 48 
47 37 39 43 49 
46 41 43 47 49 
46 49 46 43 42 
48 42 46 41 43 
46 48 40 44 38 
48 48 42 49 48 
41 47 45 42 49 
38 49 43 40 40 
40 39 44 40 43 
46 42 48 44 41 
47 43 45 39 37 
43 40 48 46 38 
47 39 41 48 42 
45 38 38 39 40 
38 44 39 49 45 
1 1 1 1 1 
1 1 1 1 1 
1 1 1 1 1 
1 1 1 1 1 
1 1 1 1 1 
1 1 1 1 1 
1 1 1 1 1 
1 1 1 1 1 
1 1 1 1 1 
1 1 1 1 1 
1 1 1 1 1 
1 1 1 1 1 
1 1 1 1 1 
1 1 1 1 1 
1 1 1 1 1 
1 1 1 1 1 
1 1 1 1 1 
1 1 1 1 1 
1 1 1 1 1 
1 1 1 1 1 
1 1 1 1 1 
1 1 1 1 1 
1 1 1 1 1 
1 1 1 1 1 
1 1 1 1 1 
1 1 1 1 1 
1 1 1 1 1 
1 1 1 1 1 
1 1 1 1 1 
1 1 1 1 1 
1 1 1 1 1 
1 1 1 1 1 
1 1 1 1 1 
1 1 1 1 1 
1 1 1 1 1 
1 1 1 1 1 
1 1 1 1 1 
1 1 1 1 1 
1 1 1 1 1 
1 1 1 1 1 
1 1 1 1 1 
1 1 1 1 1 
1 1 1 1 1 
1 1 1 1 1 
1 1 1 1 1 
1 1 1 1 1 
1 1 1 1 1 
1 1 1 1 1 
1 1 1 1 1 
1 1 1 1 1 
1 1 1 0 1 
1 1 1 1 0 
0 0 1 0 0 
1 1 0 0 1 
0 0 1 0 0 
1 0 0 0 0 
1 1 1 1 1 
1 1 1 1 0 
1 1 1 1 1 
1 1 0 1 1 
0 1 0 1 0 
1 1 0 1 1 
1 1 1 1 1 
1 0 1 1 1 
0 1 0 0 0 
1 0 0 0 0 
1 1 1 1 1 
0 1 1 1 1 
1 0 1 1 1 
1 0 0 0 0 
1 0 0 0 0 
0 1 1 1 0 
1 1 1 1 1 
1 0 0 1 0 
1 1 1 1 1 
1 0 0 0 1 
0 0 1 1 0 
1 1 1 1 1 
1 1 1 1 1 
1 1 1 0 1 
0 0 1 0 0 
1 0 0 1 1 
0 0 1 0 1 
1 0 1 1 1 
0 1 0 1 1 
0 0 0 1 0 
0 0 0 0 1 
0 0 1 0 1 
1 1 0 1 1 
1 1 1 1 1 
0 1 1 0 0 
1 1 1 1 1 
1 0 1 0 1 
0 1 1 1 1 
1 1 1 1 1 
0 1 0 0 0 
1 1 0 0 1 
0 0 0 0 1 
0 0 1 0 0 
1 0 0 0 0 
0 1 1 1 1 
1 1 1 1 1 
0 0 0 0 0 
1 1 0 1 1 
0 0 1 0 0 
1 1 1 1 1 
0 1 1 1 1 
1 1 1 0 1 
0 1 0 0 0 
1 1 0 1 0 
0 0 0 0 0 
0 0 0 0 0 
0 0 1 1 1 
0 0 0 0 0 
1 1 1 0 1 
0 0 0 0 1 
0 0 0 1 1 
0 1 1 0 1 
1 0 1 1 1 
0 0 0 0 0 
0 0 1 0 0 
1 0 1 1 1 
1 1 1 1 1 
1 0 1 1 1 
1 1 1 1 1 
1 1 0 1 1 
0 0 0 0 0 
0 0 0 0 1 
1 1 1 1 0 
1 1 1 1 1 
1 1 1 1 1 
1 0 1 1 0 
1 1 1 1 0 
1 1 1 0 1 
1 1 1 0 0 
0 0 0 1 1 
1 1 0 1 1 
0 0 0 0 0 
1 1 1 1 0 
0 0 1 0 0 
1 0 1 1 1 
1 0 0 1 1 
0 1 0 1 0 
0 0 0 0 0 
0 1 0 0 0 
1 0 1 1 0 
1 0 1 0 1 
0 1 1 1 0 
1 1 1 1 1 
0 0 0 1 0 
0.1
0.1
0.1
0.1
0.1
