40 13 4
0 28 37 14 37 34 27 28 29 25 18 29 27 38 35 17 37 14 44 30 24 24 36 30 31 34 45 32 28 37 20 23 41 34 13 31 35 42 33 38 
28 0 31 33 14 40 33 36 22 31 32 36 38 21 37 11 27 28 41 29 18 17 25 27 16 34 27 10 39 35 27 34 36 18 28 35 29 35 25 32 
37 31 0 39 22 16 30 35 21 29 31 42 31 10 33 25 30 37 34 15 15 28 28 23 28 32 27 21 39 35 17 25 33 25 32 24 26 34 30 29 
14 33 39 0 37 37 39 42 35 39 32 43 36 34 48 31 34 28 49 35 24 26 34 38 27 46 31 23 14 38 34 37 46 34 27 38 35 48 28 38 
37 14 22 37 0 35 26 32 16 30 28 39 40 12 34 25 14 30 30 24 13 30 21 24 30 20 29 23 34 21 26 27 22 23 32 26 24 29 38 22 
34 40 16 37 35 0 37 40 31 13 27 38 35 26 33 29 26 22 30 11 22 36 29 23 28 38 43 37 35 25 33 26 29 32 25 39 33 40 43 14 
27 33 30 39 26 37 0 36 26 40 42 38 30 32 42 44 12 41 28 26 15 39 28 32 27 41 47 29 32 47 16 38 40 25 28 33 17 39 29 24 
28 36 35 42 32 40 36 0 31 27 17 28 33 27 37 45 39 20 47 29 21 26 11 37 38 36 37 28 37 20 27 25 26 31 15 13 32 32 40 27 
29 22 21 35 16 31 26 31 0 28 36 41 24 23 36 33 27 30 39 20 29 27 26 26 21 36 31 12 34 37 10 26 38 39 16 27 23 13 23 38 
25 31 29 39 30 13 40 27 28 0 20 31 39 35 20 36 33 35 24 24 35 23 36 10 21 25 42 40 47 12 26 22 23 33 12 39 38 41 39 22 
18 32 31 32 28 27 42 17 36 20 0 11 45 31 39 34 33 32 35 16 27 22 21 30 31 45 44 38 27 32 37 27 34 29 31 30 32 42 41 22 
29 36 42 43 39 38 38 28 41 31 11 0 38 41 41 41 44 43 42 27 28 32 32 31 20 46 39 45 38 43 31 34 44 18 42 41 21 44 39 33 
27 38 31 36 40 35 30 33 24 39 45 38 0 37 25 30 31 13 34 39 28 37 30 30 25 45 42 31 38 27 14 36 40 20 40 30 17 17 27 42 
38 21 10 34 12 26 32 27 23 35 31 41 37 0 27 32 20 29 34 15 25 18 28 25 30 22 17 11 34 25 27 15 33 31 25 14 20 36 40 32 
35 37 33 48 34 33 42 37 36 20 39 41 25 27 0 33 33 32 24 33 38 33 29 10 21 25 37 38 42 23 26 12 15 28 22 41 38 42 28 42 
17 11 25 31 25 29 44 45 33 36 34 41 30 32 33 0 35 31 34 18 29 28 36 38 27 36 38 21 42 46 37 39 33 23 30 46 40 30 36 43 
37 27 30 34 14 26 12 39 27 33 33 44 31 20 33 35 0 35 16 17 26 38 28 23 28 34 36 17 20 35 17 35 28 36 33 34 29 40 30 12 
14 28 37 28 30 22 41 20 30 35 32 43 13 29 32 31 35 0 47 33 38 36 31 35 24 42 35 18 41 40 27 37 46 29 27 17 30 30 40 36 
44 41 34 49 30 30 28 47 39 24 35 42 34 34 24 34 16 47 0 19 30 37 36 14 25 29 46 33 35 36 29 36 27 37 36 46 21 49 42 28 
30 29 15 35 24 11 26 29 20 24 16 27 39 15 33 18 17 33 19 0 11 28 18 31 39 37 32 26 24 30 30 27 18 21 17 29 22 33 38 25 
24 18 15 24 13 22 15 21 29 35 27 28 28 25 38 29 26 38 30 11 0 35 13 33 34 26 32 28 35 34 29 26 29 10 28 34 11 34 42 14 
24 17 28 26 30 36 39 26 27 23 22 32 37 18 33 28 38 36 37 28 35 0 37 23 12 32 33 27 39 21 23 21 20 35 11 32 38 36 36 32 
36 25 28 34 21 29 28 11 26 36 21 32 30 28 29 36 28 31 36 18 13 37 0 32 27 39 36 17 40 31 16 17 36 23 26 24 24 21 29 16 
30 27 23 38 24 23 32 37 26 10 30 31 30 25 10 38 23 35 14 31 33 23 32 0 11 15 32 36 38 22 16 22 13 23 22 33 35 35 29 32 
31 16 28 27 30 28 27 38 21 21 31 20 25 30 21 27 28 24 25 39 34 12 27 11 0 26 21 26 27 33 11 33 24 33 23 28 41 24 24 40 
34 34 32 46 20 38 41 36 36 25 45 46 45 22 25 36 34 42 29 37 26 32 39 15 26 0 33 33 32 32 31 31 28 36 21 36 28 49 18 40 
45 27 27 31 29 43 47 37 31 42 44 39 42 17 37 38 36 35 46 32 32 33 36 32 21 33 0 19 17 42 32 32 45 22 42 24 37 44 29 35 
32 10 21 23 23 37 29 28 12 40 38 45 31 11 38 21 17 18 33 26 28 27 17 36 26 33 19 0 36 36 22 26 44 28 28 25 24 25 35 29 
28 39 39 14 34 35 32 37 34 47 27 38 38 34 42 42 20 41 35 24 35 39 40 38 27 32 17 36 0 52 24 49 39 34 41 24 46 47 14 32 
37 35 35 38 21 25 47 20 37 12 32 43 27 25 23 46 35 40 36 30 34 21 31 22 33 32 42 36 52 0 38 34 18 27 24 33 41 42 43 34 
20 27 17 34 26 33 16 27 10 26 37 31 14 27 26 37 17 27 29 30 29 23 16 16 11 31 32 22 24 38 0 33 29 30 26 17 31 23 13 29 
23 34 25 37 27 26 38 25 26 22 27 34 36 15 12 39 35 37 36 27 26 21 17 22 33 31 32 26 49 34 33 0 27 16 10 29 35 33 37 33 
41 36 33 46 22 29 40 26 38 23 34 44 40 33 15 33 28 46 27 18 29 20 36 13 24 28 45 44 39 18 29 27 0 28 31 39 23 48 25 40 
34 18 25 34 23 32 25 31 39 33 29 18 20 31 28 23 36 29 37 21 10 35 23 23 33 36 22 28 34 27 30 16 28 0 26 44 20 37 43 24 
13 28 32 27 32 25 28 15 16 12 31 42 40 25 22 30 33 27 36 17 28 11 26 22 23 21 42 28 41 24 26 10 31 26 0 27 31 29 27 34 
31 35 24 38 26 39 33 13 27 39 30 41 30 14 41 46 34 17 46 29 34 32 24 33 28 36 24 25 24 33 17 29 39 44 27 0 34 40 30 25 
35 29 26 35 24 33 17 32 23 38 32 21 17 20 38 40 29 30 21 22 11 38 24 35 41 28 37 24 46 41 31 35 23 20 31 34 0 33 44 25 
42 35 34 48 29 40 39 32 13 41 42 44 17 36 42 30 40 30 49 33 34 36 21 35 24 49 44 25 47 42 23 33 48 37 29 40 33 0 36 31 
33 25 30 28 38 43 29 40 23 39 41 39 27 40 28 36 30 40 42 38 42 36 29 29 24 18 29 35 14 43 13 37 25 43 27 30 44 36 0 38 
38 32 29 38 22 14 24 27 38 22 22 33 42 32 42 43 12 36 28 25 14 32 16 32 40 40 35 29 32 34 29 33 40 24 34 25 25 31 38 0 
31 39 34 31 
36 34 38 35 
34 31 38 33 
38 38 37 30 
35 35 38 32 
30 33 31 31 
32 36 39 35 
33 37 39 35 
32 33 32 36 
35 39 35 34 
33 34 38 37 
37 39 35 38 
38 31 30 30 
31 38 33 38 
34 39 36 30 
34 33 39 34 
30 30 35 31 
35 36 39 36 
37 32 33 32 
32 37 35 33 
33 38 35 30 
33 39 31 30 
30 39 37 34 
31 36 30 33 
33 37 37 38 
30 39 34 35 
37 31 35 39 
38 30 31 36 
39 35 37 39 
38 39 33 32 
32 31 38 31 
39 33 32 36 
31 32 38 33 
36 30 33 34 
39 32 34 30 
38 36 37 31 
33 38 38 35 
37 31 34 39 
39 33 30 34 
37 32 31 35 
1 1 1 1 
1 1 1 1 
1 1 1 1 
1 1 1 1 
1 1 1 1 
1 1 1 1 
1 1 1 1 
1 1 1 1 
1 1 1 1 
1 1 1 1 
1 1 1 1 
1 1 1 1 
1 1 1 1 
1 1 1 1 
1 1 1 1 
1 1 1 1 
1 1 1 1 
1 1 1 1 
1 1 1 1 
1 1 1 1 
1 1 1 1 
1 1 1 1 
1 1 1 1 
1 1 1 1 
1 1 1 1 
1 1 1 1 
1 1 1 1 
1 1 1 1 
1 1 1 1 
1 1 1 1 
1 1 1 1 
1 1 1 1 
1 1 1 1 
1 1 1 1 
1 1 1 1 
1 1 1 1 
1 1 1 1 
1 1 1 1 
1 1 1 1 
1 1 1 1 
1 1 1 1 
1 0 1 1 
1 1 1 1 
0 1 0 0 
1 1 1 1 
0 1 0 0 
1 1 1 1 
1 0 1 1 
1 0 1 1 
0 1 1 0 
1 1 1 1 
1 1 1 1 
1 0 1 1 
1 1 0 1 
0 0 1 1 
1 1 0 1 
0 1 1 1 
0 1 1 1 
1 0 1 1 
0 1 0 0 
1 0 1 0 
0 1 1 0 
0 1 1 1 
1 1 1 0 
0 1 1 0 
0 0 1 0 
1 1 1 1 
1 0 0 0 
1 1 0 1 
1 0 1 1 
1 1 0 1 
0 0 0 1 
0 0 0 1 
1 0 0 1 
0 0 1 0 
1 1 1 1 
1 0 0 0 
0 1 1 1 
0 1 1 0 
1 1 0 0 
0 1 1 1 
0 0 0 0 
0 0 0 0 
1 1 1 1 
1 1 1 1 
1 1 1 0 
1 1 1 1 
0 1 0 0 
0 0 0 1 
0 0 1 1 
1 1 1 1 
0 0 0 0 
0 0 1 1 
0 1 1 1 
1 0 0 1 
0 0 1 0 
0 1 1 1 
1 0 0 1 
0 0 1 0 
0 0 0 0 
1 1 1 1 
1 1 1 0 
1 0 1 0 
0 1 1 0 
0 1 0 1 
1 0 0 0 
0 0 0 0 
1 1 1 1 
1 0 1 0 
1 0 1 1 
0 0 0 0 
1 1 1 1 
1 1 1 0 
0 0 0 0 
1 1 1 1 
1 1 1 1 
1 1 1 1 
1 0 1 0 
0 0 0 1 
0 0 0 1 
0.1
0.1
0.1
0.1
