25 2 5
0 40 26 38 27 31 36 18 49 42 21 37 55 45 40 19 14 43 37 48 52 38 35 41 40 
40 0 14 26 39 46 45 36 20 30 50 28 44 42 34 51 26 32 34 47 16 49 35 31 43 
26 14 0 40 25 41 31 22 26 16 36 14 37 30 26 42 12 22 40 43 26 36 37 39 38 
38 26 40 0 34 45 55 26 25 46 59 37 18 28 47 56 36 33 39 51 42 38 40 34 49 
27 39 25 34 0 36 25 23 27 30 48 36 31 26 47 28 13 16 23 37 32 11 12 29 34 
31 46 41 45 36 0 11 19 41 57 46 52 56 54 41 28 29 44 27 23 30 47 38 45 26 
36 45 31 55 25 11 0 30 30 47 43 42 45 46 52 17 38 41 16 12 41 36 27 54 37 
18 36 22 26 23 19 30 0 33 38 39 33 44 49 48 37 10 39 19 37 44 34 30 29 23 
49 20 26 25 27 41 30 33 0 25 34 12 38 28 22 31 35 35 14 42 19 38 15 34 39 
42 30 16 46 30 57 47 38 25 0 35 13 28 18 33 41 28 28 33 35 42 32 40 44 46 
21 50 36 59 48 46 43 39 34 35 0 22 44 38 42 40 35 32 39 55 48 59 49 54 20 
37 28 14 37 36 52 42 33 12 13 22 0 26 16 20 28 23 26 26 48 31 43 27 42 42 
55 44 37 18 31 56 45 44 38 28 44 26 0 10 46 45 43 15 40 33 31 34 43 16 33 
45 42 30 28 26 54 46 49 28 18 38 16 10 0 36 35 39 10 30 37 26 27 38 26 28 
40 34 26 47 47 41 52 48 22 33 42 20 46 36 0 48 38 46 36 64 41 58 35 56 50 
19 51 42 56 28 28 17 37 31 41 40 28 45 35 48 0 33 39 27 29 50 39 16 38 54 
14 26 12 36 13 29 38 10 35 28 35 23 43 39 38 33 0 29 29 37 38 24 25 27 26 
43 32 22 33 16 44 41 39 35 28 32 26 15 10 46 39 29 0 39 47 16 27 28 31 18 
37 34 40 39 23 27 16 19 14 33 39 26 40 30 36 27 29 39 0 28 33 34 11 48 42 
48 47 43 51 37 23 12 37 42 35 55 48 33 37 64 29 37 47 28 0 31 48 39 46 49 
52 16 26 42 32 30 41 44 19 42 48 31 31 26 41 50 38 16 33 31 0 33 34 15 34 
38 49 36 38 11 47 36 34 38 32 59 43 34 27 58 39 24 27 34 48 33 0 23 18 45 
35 35 37 40 12 38 27 30 15 40 49 27 43 38 35 16 25 28 11 39 34 23 0 41 46 
41 31 39 34 29 45 54 29 34 44 54 42 16 26 56 38 27 31 48 46 15 18 41 0 49 
40 43 38 49 34 26 37 23 39 46 20 42 33 28 50 54 26 18 42 49 34 45 46 49 0 
20 24 24 19 18 
18 22 20 19 24 
19 22 24 20 22 
24 19 22 19 22 
24 19 21 21 19 
22 19 21 22 20 
18 24 21 23 20 
24 19 22 19 22 
22 20 19 20 22 
20 21 23 22 23 
21 20 22 24 22 
23 23 21 22 19 
19 18 19 20 20 
24 22 22 19 24 
19 23 18 22 23 
19 20 20 24 20 
19 21 19 23 22 
20 20 19 20 24 
21 20 24 21 24 
19 21 19 24 23 
19 19 19 22 21 
22 21 19 24 21 
18 22 22 19 18 
21 22 19 19 22 
18 23 22 22 22 
1 1 1 1 1 
1 1 1 1 1 
1 1 1 1 1 
1 1 1 1 1 
1 1 1 1 1 
1 1 1 1 1 
1 1 1 1 1 
1 1 1 1 1 
1 1 1 1 1 
1 1 1 1 1 
1 1 1 1 1 
1 1 1 1 1 
1 1 1 1 1 
1 1 1 1 1 
1 1 1 1 1 
1 1 1 1 1 
1 1 1 1 1 
1 1 1 1 1 
1 1 1 1 1 
1 1 1 1 1 
1 1 1 1 1 
1 1 1 1 1 
1 1 1 1 1 
1 1 1 1 1 
1 1 1 1 1 
0 0 1 0 0 
1 0 0 0 0 
1 1 1 1 1 
1 1 1 1 0 
1 1 1 1 1 
1 1 0 1 1 
0 1 0 1 0 
1 1 0 1 1 
1 1 1 1 1 
1 0 1 1 1 
0 1 0 0 0 
1 0 0 0 0 
1 1 1 1 1 
0 1 1 1 1 
1 0 1 1 1 
1 0 0 0 0 
1 0 0 0 0 
0 1 1 1 0 
1 1 1 1 1 
1 0 0 1 0 
1 1 1 1 1 
1 0 0 0 1 
0 0 1 1 0 
1 1 1 1 1 
1 1 1 1 1 
0 0 0 0 0 
1 1 1 0 1 
0 0 1 0 0 
0 0 0 0 0 
1 0 0 1 1 
0 0 1 0 1 
1 0 1 1 1 
0 1 0 1 1 
0 0 0 1 0 
0 0 0 0 1 
0 0 1 0 1 
1 1 0 1 1 
0 0 0 0 0 
1 1 1 1 1 
0 0 0 0 0 
0 1 1 0 0 
1 1 1 1 1 
1 1 1 1 1 
0 0 0 0 0 
0 1 1 1 1 
1 1 1 1 1 
0 1 0 0 0 
1 1 0 0 1 
0 0 0 0 1 
0 0 0 0 0 
0.1
0.1
0.1
0.1
0.1
