30 3 6
0 38 43 45 21 36 15 38 35 40 33 39 44 46 41 53 25 33 30 48 30 27 37 40 18 43 44 29 45 40 
38 0 52 11 45 30 23 23 38 48 37 37 36 26 13 46 13 38 39 23 33 25 25 47 48 26 26 27 25 39 
43 52 0 41 43 40 41 42 30 41 34 43 40 40 45 49 51 23 13 38 25 37 45 50 47 51 29 25 34 24 
45 11 41 0 34 33 32 24 27 43 26 26 31 15 24 35 24 31 28 20 31 34 25 36 41 37 15 16 14 28 
21 45 43 34 0 51 34 42 45 34 20 49 48 35 52 51 44 52 34 43 48 42 43 45 35 52 47 33 32 19 
36 30 40 33 51 0 41 26 10 26 33 17 48 18 36 43 43 31 48 35 26 37 34 27 18 49 38 36 23 32 
15 23 41 32 34 41 0 43 37 25 30 24 31 34 36 55 10 30 28 42 31 41 22 34 33 42 44 16 33 30 
38 23 42 24 42 26 43 0 23 32 22 27 34 23 10 53 33 36 29 28 30 24 21 37 33 23 25 36 10 32 
35 38 30 27 45 10 37 23 0 36 25 13 44 28 33 40 36 21 43 31 16 28 24 23 17 46 28 31 13 35 
40 48 41 43 34 26 25 32 36 0 39 43 56 30 42 44 35 40 53 55 52 49 47 53 44 55 57 41 42 46 
33 37 34 26 20 33 30 22 25 39 0 29 29 26 32 31 35 43 26 34 29 33 23 36 15 40 27 14 12 10 
39 37 43 26 49 17 24 27 13 43 29 0 31 35 37 53 28 33 31 18 29 41 28 10 30 42 32 40 17 36 
44 36 40 31 48 48 31 34 44 56 29 31 0 33 24 35 38 28 27 13 30 38 26 30 44 11 33 15 37 29 
46 26 40 15 35 18 34 23 28 30 26 35 33 0 33 50 39 17 30 32 31 19 40 42 36 35 30 18 29 16 
41 13 45 24 52 36 36 10 33 42 32 37 24 33 0 44 26 44 39 36 20 14 31 47 43 13 35 35 20 37 
53 46 49 35 51 43 55 53 40 44 31 53 35 50 44 0 49 52 51 48 24 36 50 63 46 46 48 39 43 41 
25 13 51 24 44 43 10 33 36 35 35 28 38 39 26 49 0 40 38 36 38 31 12 38 43 39 38 26 23 40 
33 38 23 31 52 31 30 36 21 40 43 33 28 17 44 52 40 0 36 15 37 30 45 43 38 39 23 35 34 33 
30 39 13 28 34 48 28 29 43 53 26 31 27 30 39 51 38 36 0 40 27 34 42 41 41 38 16 12 31 26 
48 23 38 20 43 35 42 28 31 55 34 18 13 32 36 48 36 15 40 0 35 31 39 28 48 24 26 28 34 24 
30 33 25 31 48 26 31 30 16 52 29 29 30 31 20 24 38 37 27 35 0 12 26 39 33 33 43 15 29 29 
27 25 37 34 42 37 41 24 28 49 33 41 38 19 14 36 31 30 34 31 12 0 38 36 45 27 41 27 34 23 
37 25 45 25 43 34 22 21 24 47 23 28 26 40 31 50 12 45 42 39 26 38 0 38 38 37 26 37 11 33 
40 47 50 36 45 27 34 37 23 53 36 10 30 42 47 63 38 43 41 28 39 36 38 0 35 41 42 40 27 26 
18 48 47 41 35 18 33 33 17 44 15 30 44 36 43 46 43 38 41 48 33 45 38 35 0 52 42 29 27 25 
43 26 51 37 52 49 42 23 46 55 40 42 11 35 13 46 39 39 38 24 33 27 37 41 52 0 41 26 33 33 
44 26 29 15 47 38 44 25 28 57 27 32 33 30 35 48 38 23 16 26 43 41 26 42 42 41 0 28 15 37 
29 27 25 16 33 36 16 36 31 41 14 40 15 18 35 39 26 35 12 28 15 27 37 40 29 26 28 0 26 14 
45 25 34 14 32 23 33 10 13 42 12 17 37 29 20 43 23 34 31 34 29 34 11 27 27 33 15 26 0 22 
40 39 24 28 19 32 30 32 35 46 10 36 29 16 37 41 40 33 26 24 29 23 33 26 25 33 37 14 22 0 
28 25 29 28 24 26 
29 25 25 24 28 23 
23 26 22 28 24 23 
23 24 29 28 25 24 
27 25 22 28 29 22 
24 24 28 25 26 25 
24 29 25 28 23 22 
26 22 24 24 29 27 
26 26 29 27 28 24 
23 24 26 22 29 24 
22 26 23 27 27 24 
24 24 23 25 27 25 
28 25 24 26 27 26 
26 27 25 29 26 29 
26 24 25 25 27 28 
24 23 24 29 25 25 
27 26 25 28 25 24 
26 25 26 26 27 26 
28 23 28 29 27 27 
29 24 24 22 24 26 
28 26 29 24 24 28 
24 29 28 29 29 24 
28 26 26 24 26 22 
26 28 23 27 22 28 
25 25 29 28 28 28 
27 25 25 29 29 28 
23 28 27 27 24 27 
28 27 27 25 25 24 
29 26 24 26 25 27 
22 29 29 28 23 22 
1 1 1 1 1 1 
1 1 1 1 1 1 
1 1 1 1 1 1 
1 1 1 1 1 1 
1 1 1 1 1 1 
1 1 1 1 1 1 
1 1 1 1 1 1 
1 1 1 1 1 1 
1 1 1 1 1 1 
1 1 1 1 1 1 
1 1 1 1 1 1 
1 1 1 1 1 1 
1 1 1 1 1 1 
1 1 1 1 1 1 
1 1 1 1 1 1 
1 1 1 1 1 1 
1 1 1 1 1 1 
1 1 1 1 1 1 
1 1 1 1 1 1 
1 1 1 1 1 1 
1 1 1 1 1 1 
1 1 1 1 1 1 
1 1 1 1 1 1 
1 1 1 1 1 1 
1 1 1 1 1 1 
1 1 1 1 1 1 
1 1 1 1 1 1 
1 1 1 1 1 1 
1 1 1 1 1 1 
1 1 1 1 1 1 
1 1 0 0 1 1 
0 0 1 1 1 0 
1 1 0 1 1 0 
0 0 0 1 0 0 
0 0 0 1 1 1 
0 0 0 1 0 0 
1 0 0 0 1 1 
0 0 0 0 1 1 
1 0 1 1 0 0 
1 0 1 0 0 0 
1 1 0 1 0 1 
1 1 0 0 1 0 
1 1 1 1 0 0 
0 0 1 1 1 0 
1 0 1 1 1 0 
1 1 0 0 1 1 
0 0 0 1 1 0 
1 1 0 1 0 1 
1 1 1 1 1 1 
0 1 1 1 0 1 
1 0 1 0 1 1 
0 1 1 1 1 0 
1 0 1 1 1 0 
1 0 0 0 0 0 
0 0 1 1 0 0 
0 1 1 0 1 0 
1 0 1 1 1 1 
0 1 1 1 1 1 
1 1 1 1 1 0 
0 0 1 0 0 1 
0 0 0 0 0 0 
0 0 0 0 0 1 
1 1 1 1 1 1 
0 0 0 0 1 1 
0 0 0 0 0 0 
0 0 0 0 0 0 
1 1 0 0 0 0 
1 1 0 1 0 0 
1 1 1 1 1 1 
1 1 1 1 1 1 
0 1 0 0 0 0 
0 1 1 0 0 1 
1 0 1 1 1 1 
1 0 0 0 0 0 
1 1 0 1 1 1 
0 0 1 0 0 1 
1 1 0 0 0 1 
1 1 0 1 1 1 
1 1 1 1 0 1 
0 1 1 0 1 0 
1 0 0 1 1 0 
0 0 0 0 0 1 
1 1 1 1 1 1 
0 1 0 1 1 1 
0 0 0 0 0 0 
1 1 1 1 1 1 
1 1 1 1 1 1 
0 0 0 0 0 0 
0 0 0 0 0 0 
1 1 1 1 1 1 
0.2
0.2
0.2
0.2
0.2
0.2
