25 8 2
0 39 16 14 51 31 43 31 30 42 45 41 40 43 28 43 35 40 55 46 33 42 32 15 37 
39 0 23 40 38 41 46 49 25 36 10 36 57 44 35 42 29 36 16 40 28 33 28 46 41 
16 23 0 26 35 39 27 34 35 40 33 25 55 28 12 32 47 24 39 56 22 48 34 31 49 
14 40 26 0 37 33 29 41 16 28 31 43 49 30 14 32 21 26 44 32 24 52 18 29 23 
51 38 35 37 0 48 22 39 43 41 28 17 43 39 23 55 36 35 36 25 33 65 42 51 58 
31 41 39 33 48 0 43 40 19 17 34 36 16 12 28 15 12 29 49 23 21 41 30 33 54 
43 46 27 29 22 43 0 17 38 57 45 38 59 31 15 38 50 27 49 47 25 43 37 33 52 
31 49 34 41 39 40 17 0 25 46 40 38 43 28 32 44 43 36 33 54 23 48 26 16 42 
30 25 35 16 43 19 38 25 0 36 15 32 35 19 23 34 20 11 41 31 24 56 34 31 38 
42 36 40 28 41 17 57 46 36 0 26 53 33 29 42 32 29 46 52 40 38 24 46 30 51 
45 10 33 31 28 34 45 40 15 26 0 27 50 34 30 32 35 26 26 46 20 43 32 38 51 
41 36 25 43 17 36 38 38 32 53 27 0 52 24 33 40 48 21 20 42 37 69 25 48 45 
40 57 55 49 43 16 59 43 35 33 50 52 0 28 44 31 28 45 63 18 37 35 46 49 38 
43 44 28 30 39 12 31 28 19 29 34 24 28 0 16 27 24 28 44 35 26 53 18 44 53 
28 35 12 14 23 28 15 32 23 42 30 33 44 16 0 35 35 12 34 44 10 43 22 28 37 
43 42 32 32 55 15 38 44 34 32 32 40 31 27 35 0 27 44 39 38 25 56 37 28 54 
35 29 47 21 36 12 50 43 20 29 35 48 28 24 35 27 0 31 45 11 33 51 37 27 44 
40 36 24 26 35 29 27 36 11 46 26 21 45 28 12 44 31 0 41 41 22 55 34 27 49 
55 16 39 44 36 49 49 33 41 52 26 20 63 44 34 39 45 41 0 56 28 49 40 41 25 
46 40 56 32 25 23 47 54 31 40 46 42 18 35 44 38 11 41 56 0 34 40 42 38 55 
33 28 22 24 33 21 25 23 24 38 20 37 37 26 10 25 33 22 28 34 0 53 12 18 44 
42 33 48 52 65 41 43 48 56 24 43 69 35 53 43 56 51 55 49 40 53 0 61 54 67 
32 28 34 18 42 30 37 26 34 46 32 25 46 18 22 37 37 34 40 42 12 61 0 30 41 
15 46 31 29 51 33 33 16 31 30 38 48 49 44 28 28 27 27 41 38 18 54 30 0 26 
37 41 49 23 58 54 52 42 38 51 51 45 38 53 37 54 44 49 25 55 44 67 41 26 0 
19 24 
21 19 
22 21 
24 22 
21 19 
23 20 
24 24 
23 19 
22 22 
23 20 
19 21 
19 19 
20 22 
24 22 
20 23 
24 22 
20 20 
20 22 
22 24 
22 21 
20 21 
24 23 
23 24 
22 23 
24 19 
1 1 
1 1 
1 1 
1 1 
1 1 
1 1 
1 1 
1 1 
1 1 
1 1 
1 1 
1 1 
1 1 
1 1 
1 1 
1 1 
1 1 
1 1 
1 1 
1 1 
1 1 
1 1 
1 1 
1 1 
1 1 
1 1 
1 0 
1 1 
1 1 
1 1 
1 0 
1 0 
1 1 
1 1 
1 0 
1 0 
1 0 
1 0 
1 1 
0 1 
1 0 
1 0 
1 0 
1 0 
0 1 
1 1 
1 1 
1 0 
1 1 
1 1 
1 1 
1 1 
1 1 
0 0 
0 0 
1 1 
1 1 
0 1 
1 1 
0 0 
0 1 
1 1 
1 1 
1 1 
0 0 
0 0 
1 0 
0 0 
0 0 
1 1 
1 1 
1 1 
1 0 
1 1 
0 0 
0.2
0.2
