30 6 6
0 39 39 33 32 24 43 22 41 37 51 33 26 43 22 34 30 31 50 35 12 37 30 21 49 23 41 30 27 12 
39 0 40 29 30 52 37 44 43 39 38 30 45 30 40 50 26 29 19 53 40 54 16 18 53 48 27 38 41 34 
39 40 0 49 15 29 28 40 27 30 12 36 30 26 38 22 41 12 31 37 31 16 24 27 22 25 27 39 26 35 
33 29 49 0 40 35 41 40 29 26 42 40 45 42 11 27 32 53 48 24 34 40 45 28 29 43 47 44 29 45 
32 30 15 40 0 30 39 30 27 39 27 21 15 14 46 20 26 27 24 37 26 31 28 12 37 28 32 27 11 20 
24 52 29 35 30 0 32 27 21 24 28 44 31 34 39 10 30 31 47 11 12 13 44 34 31 47 42 30 27 36 
43 37 28 41 39 32 0 44 35 23 25 33 28 25 30 30 19 16 19 43 35 44 29 28 25 41 10 31 34 42 
22 44 40 40 30 27 44 0 26 51 48 51 24 39 44 37 48 28 54 16 34 37 28 42 27 30 42 37 33 10 
41 43 27 29 27 21 35 26 0 34 38 46 16 13 19 31 34 27 42 10 33 11 27 39 10 46 34 26 19 30 
37 39 30 26 39 24 23 51 34 0 23 27 39 38 15 21 13 39 42 35 28 37 52 32 44 35 21 25 28 49 
51 38 12 42 27 28 25 48 38 23 0 47 26 38 38 18 36 24 19 32 40 28 36 35 34 36 15 48 26 40 
33 30 36 40 21 44 33 51 46 27 47 0 36 33 42 41 14 47 45 55 32 42 43 12 56 36 32 20 29 41 
26 45 30 45 15 31 28 24 16 39 26 36 0 29 35 35 35 38 39 26 35 27 32 27 26 34 18 41 20 14 
43 30 26 42 14 34 25 39 13 38 38 33 29 0 32 34 25 14 38 23 31 24 14 26 23 33 31 13 25 32 
22 40 38 11 46 39 30 44 19 15 38 42 35 32 0 36 28 46 49 29 34 30 46 39 29 32 36 40 38 34 
34 50 22 27 20 10 30 37 31 21 18 41 35 34 36 0 34 34 37 21 22 23 46 32 39 47 33 40 31 40 
30 26 41 32 26 30 19 48 34 13 36 14 35 25 28 34 0 35 38 41 18 43 39 19 44 22 29 12 15 38 
31 29 12 53 27 31 16 28 27 39 24 47 38 14 46 34 35 0 35 31 19 28 13 39 34 37 26 27 34 31 
50 19 31 48 24 47 19 54 42 42 19 45 39 38 49 37 38 35 0 51 38 47 35 36 44 36 23 42 23 44 
35 53 37 24 37 11 43 16 10 35 32 55 26 23 29 21 41 31 51 0 23 21 37 45 20 46 44 36 29 26 
12 40 31 34 26 12 35 34 33 28 40 32 35 31 34 22 18 19 38 23 0 25 32 22 43 35 42 18 15 24 
37 54 16 40 31 13 44 37 11 37 28 42 27 24 30 23 43 28 47 21 25 0 38 43 21 41 43 37 30 41 
30 16 24 45 28 44 29 28 27 52 36 43 32 14 46 46 39 13 35 37 32 38 0 31 37 38 39 27 39 18 
21 18 27 28 12 34 28 42 39 32 35 12 27 26 39 32 19 39 36 45 22 43 31 0 49 40 20 31 23 32 
49 53 22 29 37 31 25 27 10 44 34 56 26 23 29 39 44 34 44 20 43 21 37 49 0 47 35 36 29 37 
23 48 25 43 28 47 41 30 46 35 36 36 34 33 32 47 22 37 36 46 35 41 38 40 47 0 51 20 37 20 
41 27 27 47 32 42 10 42 34 21 15 32 18 31 36 33 29 26 23 44 42 43 39 20 35 51 0 41 38 32 
30 38 39 44 27 30 31 37 26 25 48 20 41 13 40 40 12 27 42 36 18 37 27 31 36 20 41 0 27 27 
27 41 26 29 11 27 34 33 19 28 26 29 20 25 38 31 15 34 23 29 15 30 39 23 29 37 38 27 0 23 
12 34 35 45 20 36 42 10 30 49 40 41 14 32 34 40 38 31 44 26 24 41 18 32 37 20 32 27 23 0 
28 25 29 28 24 26 
29 25 25 24 28 23 
23 26 22 28 24 23 
23 24 29 28 25 24 
27 25 22 28 29 22 
24 24 28 25 26 25 
24 29 25 28 23 22 
26 22 24 24 29 27 
26 26 29 27 28 24 
23 24 26 22 29 24 
22 26 23 27 27 24 
24 24 23 25 27 25 
28 25 24 26 27 26 
26 27 25 29 26 29 
26 24 25 25 27 28 
24 23 24 29 25 25 
27 26 25 28 25 24 
26 25 26 26 27 26 
28 23 28 29 27 27 
29 24 24 22 24 26 
28 26 29 24 24 28 
24 29 28 29 29 24 
28 26 26 24 26 22 
26 28 23 27 22 28 
25 25 29 28 28 28 
27 25 25 29 29 28 
23 28 27 27 24 27 
28 27 27 25 25 24 
29 26 24 26 25 27 
22 29 29 28 23 22 
1 1 1 1 1 1 
1 1 1 1 1 1 
1 1 1 1 1 1 
1 1 1 1 1 1 
1 1 1 1 1 1 
1 1 1 1 1 1 
1 1 1 1 1 1 
1 1 1 1 1 1 
1 1 1 1 1 1 
1 1 1 1 1 1 
1 1 1 1 1 1 
1 1 1 1 1 1 
1 1 1 1 1 1 
1 1 1 1 1 1 
1 1 1 1 1 1 
1 1 1 1 1 1 
1 1 1 1 1 1 
1 1 1 1 1 1 
1 1 1 1 1 1 
1 1 1 1 1 1 
1 1 1 1 1 1 
1 1 1 1 1 1 
1 1 1 1 1 1 
1 1 1 1 1 1 
1 1 1 1 1 1 
1 1 1 1 1 1 
1 1 1 1 1 1 
1 1 1 1 1 1 
1 1 1 1 1 1 
1 1 1 1 1 1 
1 1 0 0 1 1 
0 0 1 1 1 0 
1 1 0 1 1 0 
0 0 0 1 0 0 
0 0 0 1 1 1 
0 0 0 1 0 0 
1 0 0 0 1 1 
0 0 0 0 1 1 
1 0 1 1 0 0 
1 0 1 0 0 0 
1 1 0 1 0 1 
1 1 0 0 1 0 
1 1 1 1 0 0 
0 0 1 1 1 0 
1 0 1 1 1 0 
1 1 0 0 1 1 
0 0 0 1 1 0 
1 1 0 1 0 1 
1 1 1 1 1 1 
0 1 1 1 0 1 
1 0 1 0 1 1 
0 1 1 1 1 0 
1 0 1 1 1 0 
1 0 0 0 0 0 
0 0 1 1 0 0 
0 1 1 0 1 0 
1 0 1 1 1 1 
0 1 1 1 1 1 
1 1 1 1 1 0 
0 0 1 0 0 1 
0 0 0 0 0 0 
0 0 0 0 0 1 
1 1 1 1 1 1 
0 0 0 0 1 1 
0 0 0 0 0 0 
0 0 0 0 0 0 
1 1 0 0 0 0 
1 1 0 1 0 0 
1 1 1 1 1 1 
1 1 1 1 1 1 
0 1 0 0 0 0 
0 1 1 0 0 1 
1 0 1 1 1 1 
1 0 0 0 0 0 
1 1 0 1 1 1 
0 0 1 0 0 1 
1 1 0 0 0 1 
1 1 0 1 1 1 
1 1 1 1 0 1 
0 1 1 0 1 0 
1 0 0 1 1 0 
0 0 0 0 0 1 
1 1 1 1 1 1 
0 1 0 1 1 1 
0 0 0 0 0 0 
1 1 1 1 1 1 
1 1 1 1 1 1 
0 0 0 0 0 0 
0 0 0 0 0 0 
1 1 1 1 1 1 
0.2
0.2
0.2
0.2
0.2
0.2
