20 4 4
0 47 35 42 32 16 40 38 34 40 22 40 45 42 30 28 30 18 43 35 
47 0 52 35 32 48 33 42 22 37 39 38 33 53 23 51 58 35 43 22 
35 52 0 17 47 51 32 55 38 36 55 58 45 38 29 54 50 17 53 51 
42 35 17 0 46 47 22 39 21 46 38 46 33 21 12 40 57 24 36 45 
32 32 47 46 0 16 34 30 34 44 17 11 13 26 42 26 30 30 11 10 
16 48 51 47 16 0 37 22 49 30 33 27 29 26 46 12 14 34 27 26 
40 33 32 22 34 37 0 35 43 43 34 40 24 37 10 25 51 22 45 36 
38 42 55 39 30 22 35 0 47 28 47 25 28 18 45 10 32 43 33 20 
34 22 38 21 34 49 43 47 0 55 17 41 21 41 33 37 36 45 43 33 
40 37 36 46 44 30 43 28 55 0 57 33 36 37 34 18 44 22 51 47 
22 39 55 38 17 33 34 47 17 57 0 24 30 43 44 39 27 40 28 27 
40 38 58 46 11 27 40 25 41 33 24 0 24 25 49 15 41 41 22 16 
45 33 45 33 13 29 24 28 21 36 30 24 0 20 34 18 43 28 24 12 
42 53 38 21 26 26 37 18 41 37 43 25 20 0 33 19 40 45 15 32 
30 23 29 12 42 46 10 45 33 34 44 49 34 33 0 35 60 12 48 33 
28 51 54 40 26 12 25 10 37 18 39 15 18 19 35 0 26 40 34 29 
30 58 50 57 30 14 51 32 36 44 27 41 43 40 60 26 0 48 41 40 
18 35 17 24 30 34 22 43 45 22 40 41 28 45 12 40 48 0 41 40 
43 43 53 36 11 27 45 33 43 51 28 22 24 15 48 34 41 41 0 21 
35 22 51 45 10 26 36 20 33 47 27 16 12 32 33 29 40 40 21 0 
16 15 17 15 
19 18 19 18 
15 19 15 19 
15 18 18 16 
16 17 15 18 
17 17 15 16 
18 19 16 17 
15 15 16 19 
19 15 15 15 
17 16 15 19 
15 18 19 16 
17 19 15 17 
15 18 19 15 
17 17 15 17 
15 17 18 16 
15 19 17 18 
16 19 15 18 
15 17 17 16 
15 16 17 16 
16 18 18 19 
1 1 1 1 
1 1 1 1 
1 1 1 1 
1 1 1 1 
1 1 1 1 
1 1 1 1 
1 1 1 1 
1 1 1 1 
1 1 1 1 
1 1 1 1 
1 1 1 1 
1 1 1 1 
1 1 1 1 
1 1 1 1 
1 1 1 1 
1 1 1 1 
1 1 1 1 
1 1 1 1 
1 1 1 1 
1 1 1 1 
1 0 1 0 
1 1 0 0 
1 1 1 0 
1 0 0 0 
1 1 0 0 
0 1 1 0 
1 0 1 1 
1 1 1 0 
0 0 1 1 
0 0 1 0 
1 1 1 1 
1 0 1 1 
1 1 0 1 
1 0 1 1 
0 0 1 1 
1 1 1 1 
1 1 1 1 
1 1 1 1 
1 0 1 1 
1 0 1 1 
1 1 1 1 
0 0 0 0 
0 0 1 0 
1 1 1 0 
1 1 1 1 
0 1 0 0 
1 0 0 0 
0 1 1 0 
1 1 1 1 
1 0 0 0 
1 1 1 1 
1 1 1 1 
0 0 0 0 
0 0 0 0 
1 1 1 1 
1 1 1 1 
0 1 1 1 
1 1 1 1 
0 0 0 0 
0 0 0 0 
0.2
0.2
0.2
0.2
