35 3 3
0 26 32 16 34 30 40 25 44 24 35 18 27 41 39 26 51 40 38 38 29 44 35 37 32 38 42 37 49 39 40 42 32 14 44 
26 0 32 32 30 24 27 19 24 39 38 25 39 33 31 25 28 25 55 42 17 34 28 17 30 12 16 11 36 33 47 35 37 32 33 
32 32 0 30 12 17 25 23 12 20 24 26 26 33 29 11 42 27 47 30 35 41 31 15 28 44 29 25 34 27 36 21 30 23 31 
16 32 30 0 18 28 32 29 34 40 40 34 11 40 36 35 60 35 54 38 40 49 29 22 35 44 36 21 52 43 45 45 36 30 33 
34 30 12 18 0 29 26 11 24 32 32 26 14 27 40 21 50 25 52 32 43 44 32 27 25 42 34 30 36 25 28 33 18 28 28 
30 24 17 28 29 0 34 19 26 27 27 12 17 16 44 17 45 10 53 39 18 44 16 31 28 32 40 13 40 33 34 26 26 29 39 
40 27 25 32 26 34 0 15 37 33 33 22 31 31 16 36 52 38 48 40 44 42 44 10 23 39 13 34 32 29 35 15 30 32 26 
25 19 23 29 11 19 15 0 32 43 42 31 25 16 31 29 39 29 41 43 32 40 35 25 14 31 23 19 25 14 39 29 29 17 24 
44 24 12 34 24 26 37 32 0 32 36 38 38 36 41 23 49 27 54 18 31 40 42 27 20 36 40 13 46 39 43 33 42 35 43 
24 39 20 40 32 27 33 43 32 0 22 34 29 33 37 31 37 37 58 41 22 39 11 35 43 51 46 38 52 41 16 36 36 37 45 
35 38 24 40 32 27 33 42 36 22 0 28 29 43 17 13 44 30 38 41 22 17 11 31 41 39 35 27 33 29 38 26 14 25 33 
18 25 26 34 26 12 22 31 38 34 28 0 29 28 33 29 33 22 56 46 30 42 23 19 32 20 33 25 44 45 22 37 14 32 35 
27 39 26 11 14 17 31 25 38 29 29 29 0 29 36 34 57 27 58 46 29 38 18 22 35 44 36 30 43 32 34 35 32 34 22 
41 33 33 40 27 16 31 16 36 33 43 28 29 0 29 33 55 26 57 53 34 56 32 41 30 45 39 23 41 30 49 42 42 33 40 
39 31 29 36 40 44 16 31 41 37 17 33 36 29 0 30 52 42 44 24 39 34 28 14 27 40 28 42 16 27 49 31 25 25 30 
26 25 11 35 21 17 36 29 23 31 13 29 34 33 30 0 31 17 36 33 27 30 24 26 28 37 40 14 23 16 43 32 27 12 26 
51 28 42 60 50 45 52 39 49 37 44 33 57 55 52 31 0 48 33 51 45 41 48 42 29 40 44 39 36 25 52 44 47 43 35 
40 25 27 35 25 10 38 29 27 37 30 22 27 26 42 17 48 0 46 45 28 47 26 28 38 37 41 14 40 33 44 27 36 29 43 
38 55 47 54 52 53 48 41 54 58 38 56 58 57 44 36 33 46 0 36 39 54 49 38 36 52 52 50 28 39 42 51 52 24 49 
38 42 30 38 32 39 40 43 18 41 41 46 46 53 24 33 51 45 36 0 49 46 52 38 38 54 52 31 40 49 25 45 49 39 54 
29 17 35 40 43 18 44 32 31 22 22 30 29 34 39 27 45 28 39 49 0 39 11 34 23 29 33 28 50 41 38 38 36 15 38 
44 34 41 49 44 44 42 40 40 39 17 42 38 56 34 30 41 47 54 46 39 0 28 32 45 22 46 44 37 26 23 39 31 30 16 
35 28 31 29 32 16 44 35 42 11 11 23 18 32 28 24 48 26 49 52 11 28 0 40 32 40 44 29 41 30 27 37 25 26 40 
37 17 15 22 27 31 10 25 27 35 31 19 22 41 14 26 42 28 38 38 34 32 40 0 13 29 14 28 30 26 41 25 20 38 16 
32 30 28 35 25 28 23 14 20 43 41 32 35 30 27 28 29 38 36 38 23 45 32 13 0 42 27 33 32 21 35 15 33 31 29 
38 12 44 44 42 32 39 31 36 51 39 20 44 45 40 37 40 37 52 54 29 22 40 29 42 0 28 23 24 35 36 47 34 44 34 
42 16 29 36 34 40 13 23 40 46 35 33 36 39 28 40 44 41 52 52 33 46 44 14 27 28 0 27 26 36 48 28 29 31 30 
37 11 25 21 30 13 34 19 13 38 27 25 30 23 42 14 39 14 50 31 28 44 29 28 33 23 27 0 37 30 39 24 39 26 40 
49 36 34 52 36 40 32 25 46 52 33 44 43 41 16 23 36 40 28 40 50 37 41 30 32 24 26 37 0 11 38 26 41 35 21 
39 33 27 43 25 33 29 14 39 41 29 45 32 30 27 16 25 33 39 49 41 26 30 26 21 35 36 30 11 0 27 30 39 28 10 
40 47 36 45 28 34 35 39 43 16 38 22 34 49 49 43 52 44 42 25 38 23 27 41 35 36 48 39 38 27 0 20 36 48 37 
42 35 21 45 33 26 15 29 33 36 26 37 35 42 31 32 44 27 51 45 38 39 37 25 15 47 28 24 26 30 20 0 40 28 25 
32 37 30 36 18 26 30 29 42 36 14 14 32 42 25 27 47 36 52 49 36 31 25 20 33 34 29 39 41 39 36 40 0 39 36 
14 32 23 30 28 29 32 17 35 37 25 32 34 33 25 12 43 29 24 39 15 30 26 38 31 44 31 26 35 28 48 28 39 0 38 
44 33 31 33 28 39 26 24 43 45 33 35 22 40 30 26 35 43 49 54 38 16 40 16 29 34 30 40 21 10 37 25 36 38 0 
27 34 30 
27 31 30 
33 31 30 
27 33 28 
33 33 32 
26 30 31 
33 28 26 
29 27 27 
28 32 34 
31 29 32 
34 30 28 
29 28 32 
31 34 31 
29 29 30 
33 32 32 
34 31 33 
33 27 26 
26 27 33 
29 33 30 
34 31 26 
30 29 34 
30 26 26 
30 27 31 
32 34 31 
32 28 28 
28 28 32 
30 29 28 
33 31 26 
29 34 27 
26 26 34 
32 30 27 
31 26 29 
29 32 32 
33 26 34 
29 31 32 
1 1 1 
1 1 1 
1 1 1 
1 1 1 
1 1 1 
1 1 1 
1 1 1 
1 1 1 
1 1 1 
1 1 1 
1 1 1 
1 1 1 
1 1 1 
1 1 1 
1 1 1 
1 1 1 
1 1 1 
1 1 1 
1 1 1 
1 1 1 
1 1 1 
1 1 1 
1 1 1 
1 1 1 
1 1 1 
1 1 1 
1 1 1 
1 1 1 
1 1 1 
1 1 1 
1 1 1 
1 1 1 
1 1 1 
1 1 1 
1 1 1 
0 1 0 
1 1 1 
1 0 1 
1 0 0 
0 1 0 
0 1 1 
0 1 1 
0 1 1 
1 1 1 
1 0 0 
1 1 0 
1 1 1 
1 0 0 
1 1 1 
1 0 1 
1 1 0 
1 1 1 
0 0 1 
1 1 1 
0 1 1 
1 1 1 
1 1 1 
1 0 0 
0 1 1 
0 1 0 
1 1 1 
1 0 1 
0 1 0 
1 0 1 
0 1 1 
1 1 0 
1 1 1 
1 1 1 
1 1 0 
0 1 1 
1 1 1 
0 0 0 
1 1 1 
1 1 1 
0 1 1 
0 0 0 
1 1 0 
1 0 1 
0 0 0 
1 1 1 
1 1 1 
1 1 0 
0 0 1 
1 1 1 
0 0 0 
0 1 1 
0 1 0 
1 1 0 
0 1 0 
0 0 0 
1 1 1 
0 0 0 
1 1 1 
0 0 1 
0 0 1 
1 1 1 
0 0 0 
1 1 1 
1 1 0 
1 1 0 
1 1 0 
1 1 1 
1 1 1 
1 1 1 
1 1 1 
0.2
0.2
0.2
