30 10 3
0 44 39 35 26 46 42 31 46 25 17 29 30 39 46 42 35 39 34 41 16 28 25 17 53 29 40 39 38 37 
44 0 51 34 38 42 40 37 27 28 34 44 36 53 36 46 38 34 36 41 28 16 21 32 49 33 43 43 22 41 
39 51 0 42 33 27 43 42 41 52 46 56 37 34 45 39 58 53 43 40 23 35 33 50 22 55 37 55 59 44 
35 34 42 0 15 34 32 29 36 26 18 23 19 37 37 45 16 22 25 30 21 33 13 20 41 32 18 37 34 33 
26 38 33 15 0 28 39 36 39 23 33 33 34 27 22 44 31 26 10 15 10 22 20 35 27 32 33 22 37 18 
46 42 27 34 28 0 38 37 44 29 34 41 35 25 40 53 39 37 36 13 31 34 21 47 24 47 37 37 55 45 
42 40 43 32 39 38 0 34 30 28 32 13 38 13 46 41 18 17 34 25 29 35 19 25 47 27 28 37 48 34 
31 37 42 29 36 37 34 0 39 33 14 29 30 21 43 42 23 40 31 33 26 22 16 17 22 48 47 43 35 40 
46 27 41 36 39 44 30 39 0 40 36 17 32 43 41 42 48 22 29 45 33 34 23 29 51 32 54 41 18 37 
25 28 52 26 23 29 28 33 40 0 32 41 25 28 38 40 10 40 26 16 29 28 19 38 47 48 15 38 50 41 
17 34 46 18 33 34 32 14 36 32 0 41 37 35 40 45 34 40 28 40 23 35 13 31 36 46 36 40 21 37 
29 44 56 23 33 41 13 29 17 41 41 0 25 26 47 37 31 30 43 28 42 45 32 12 45 40 41 34 35 22 
30 36 37 19 34 35 38 30 32 25 37 25 0 34 56 38 35 25 44 22 32 20 32 13 52 35 37 45 50 47 
39 53 34 37 27 25 13 21 43 28 35 26 34 0 49 28 31 23 37 12 35 41 32 36 43 33 36 25 52 45 
46 36 45 37 22 40 46 43 41 38 40 47 56 49 0 50 30 44 12 37 32 44 27 57 23 34 53 24 43 25 
42 46 39 45 44 53 41 42 42 40 45 37 38 28 50 0 50 51 46 40 34 46 44 25 41 44 55 34 24 43 
35 38 58 16 31 39 18 23 48 10 34 31 35 31 30 50 0 35 36 26 37 38 29 36 38 45 25 48 50 49 
39 34 53 22 26 37 17 40 22 40 40 30 25 23 44 51 35 0 32 24 30 18 27 32 33 10 40 20 40 44 
34 36 43 25 10 36 34 31 29 26 28 43 44 37 12 46 36 32 0 25 20 32 15 45 35 22 41 12 47 28 
41 41 40 30 15 13 25 33 45 16 40 28 22 12 37 40 26 24 25 0 25 37 29 35 37 34 24 24 47 33 
16 28 23 21 10 31 29 26 33 29 23 42 32 35 32 34 37 30 20 25 0 12 10 33 37 32 39 32 40 21 
28 16 35 33 22 34 35 22 34 28 35 45 20 41 44 46 38 18 32 37 12 0 22 33 41 28 43 38 38 33 
25 21 33 13 20 21 19 16 23 19 13 32 32 32 27 44 29 27 15 29 10 22 0 33 28 37 31 27 34 24 
17 32 50 20 35 47 25 17 29 38 31 12 13 36 57 25 36 32 45 35 33 33 33 0 39 31 38 41 47 34 
53 49 22 41 27 24 47 22 51 47 36 45 52 43 23 41 38 33 35 37 37 41 28 39 0 43 59 47 45 44 
29 33 55 32 32 47 27 48 32 48 46 40 35 33 34 44 45 10 22 34 32 28 37 31 43 0 34 10 50 50 
40 43 37 18 33 37 28 47 54 15 36 41 37 36 53 55 25 40 41 24 39 43 31 38 59 34 0 44 52 51 
39 43 55 37 22 37 37 43 41 38 40 34 45 25 24 34 48 20 12 24 32 38 27 41 47 10 44 0 58 40 
38 22 59 34 37 55 48 35 18 50 21 35 50 52 43 24 50 40 47 47 40 38 34 47 45 50 52 58 0 19 
37 41 44 33 18 45 34 40 37 41 37 22 47 45 25 43 49 44 28 33 21 33 24 34 44 50 51 40 19 0 
23 29 25 
23 27 25 
29 26 25 
23 28 24 
28 28 28 
22 26 26 
28 24 22 
25 23 23 
24 27 29 
26 24 27 
29 26 24 
25 24 27 
26 29 26 
25 25 25 
28 27 27 
29 26 28 
29 23 22 
22 23 29 
25 28 26 
29 27 22 
25 24 29 
26 22 22 
26 23 26 
27 29 27 
27 24 24 
24 24 27 
26 25 24 
29 26 22 
25 29 23 
23 22 29 
1 1 1 
1 1 1 
1 1 1 
1 1 1 
1 1 1 
1 1 1 
1 1 1 
1 1 1 
1 1 1 
1 1 1 
1 1 1 
1 1 1 
1 1 1 
1 1 1 
1 1 1 
1 1 1 
1 1 1 
1 1 1 
1 1 1 
1 1 1 
1 1 1 
1 1 1 
1 1 1 
1 1 1 
1 1 1 
1 1 1 
1 1 1 
1 1 1 
1 1 1 
1 1 1 
1 0 0 
0 0 1 
1 1 1 
1 1 1 
1 1 1 
1 1 1 
1 1 1 
1 1 0 
1 1 1 
1 0 1 
1 1 1 
1 1 1 
1 1 0 
0 1 1 
1 1 1 
1 0 1 
0 1 1 
1 1 0 
0 1 0 
1 0 1 
1 1 1 
0 1 1 
1 0 1 
0 1 0 
1 1 1 
1 1 1 
0 0 1 
1 0 1 
0 1 0 
0 1 0 
0 0 0 
0 0 1 
1 1 1 
1 1 1 
0 1 0 
1 1 1 
1 1 1 
1 1 0 
1 1 1 
1 0 1 
0 0 0 
1 0 0 
0 0 0 
0 0 0 
1 1 1 
1 1 1 
0 1 1 
0 0 0 
0 0 0 
1 1 0 
1 1 1 
0 0 1 
1 1 1 
0 0 1 
0 0 0 
0 0 1 
0 1 0 
1 1 1 
0 1 1 
1 1 1 
0.2
0.2
0.2
