100 10 10
0 155 163 106 187 373 456 550 643 728 344 233 226 285 402 469 553 670 736 633 560 466 423 371 370 403 480 603 699 727 618 558 516 474 541 520 586 682 793 304 292 758 968 953 595 594 914 860 768 842 663 549 490 522 438 377 286 426 337 257 1193 945 758 604 571 990 797 691 315 112 874 1193 670 657 617 735 780 927 936 815 811 949 929 1087 915 1051 1249 1311 768 1170 755 1345 1321 1275 1794 1088 1223 1345 1409 1021 
155 0 291 181 89 222 302 395 488 573 433 316 256 206 273 323 406 519 582 700 664 559 459 370 327 317 370 468 552 584 727 628 545 473 540 478 492 563 660 157 137 894 1108 1098 730 740 1063 1014 921 990 817 703 640 675 592 531 440 575 482 404 1346 1096 903 729 711 1139 939 825 462 267 1015 1346 705 674 617 683 705 832 819 836 793 908 861 1003 920 988 1158 1227 658 1093 727 1253 1243 1200 1691 948 1080 1199 1262 896 
163 291 0 119 277 481 567 665 758 846 194 109 175 322 473 562 645 768 845 486 397 309 313 307 350 423 519 667 783 802 455 412 404 394 456 480 598 720 849 410 417 743 938 911 591 562 858 779 695 789 547 476 445 403 333 315 195 293 196 125 1069 811 614 442 420 852 648 534 302 110 844 1066 546 548 526 690 759 924 964 697 728 884 895 1068 808 1008 1234 1287 789 1141 685 1331 1291 1240 1789 1151 1291 1420 1486 1059 
106 181 119 0 158 362 448 546 638 726 256 139 120 216 359 444 527 650 726 537 485 382 318 266 275 327 416 557 668 688 546 463 410 368 435 422 509 619 742 291 299 824 1027 1006 665 650 959 889 801 888 665 581 538 521 447 413 301 412 315 243 1188 930 732 548 536 971 764 647 375 153 933 1185 566 551 511 637 690 844 869 709 706 847 835 999 808 954 1163 1222 696 1078 652 1259 1230 1182 1712 1043 1181 1308 1374 960 
187 89 277 158 0 203 289 387 480 568 382 269 190 117 214 289 373 494 568 632 616 506 384 286 238 232 297 415 516 541 680 562 466 388 454 388 412 496 605 133 149 946 1156 1140 782 782 1099 1038 948 1027 822 728 675 678 602 557 453 570 474 400 1346 1089 889 695 692 1128 919 799 502 288 1061 1343 625 590 530 594 620 753 751 752 704 819 775 921 833 901 1078 1145 586 1009 637 1173 1159 1116 1616 901 1037 1160 1225 834 
373 222 481 362 203 0 86 184 276 365 568 464 372 213 115 105 184 296 366 786 800 687 531 413 326 244 229 264 331 366 865 721 596 495 550 435 359 380 452 71 94 1115 1330 1321 951 962 1286 1233 1142 1213 1025 923 862 881 804 751 653 774 677 604 1550 1292 1092 890 894 1331 1121 997 684 483 1237 1547 746 693 618 600 584 675 628 849 753 828 742 854 906 871 998 1075 485 952 677 1089 1098 1061 1509 730 859 977 1039 694 
456 302 567 448 289 86 0 98 190 278 651 549 455 290 157 76 122 218 281 859 882 767 604 485 391 297 252 228 262 304 946 796 663 558 609 483 373 358 403 156 167 1189 1405 1398 1024 1040 1365 1316 1224 1292 1110 1005 943 967 889 833 738 860 763 690 1636 1378 1178 974 980 1417 1206 1082 764 566 1312 1633 808 752 673 625 593 661 592 903 791 849 747 842 951 875 977 1058 466 943 713 1065 1085 1052 1473 665 790 903 964 647 
550 395 665 546 387 184 98 0 93 180 747 646 552 385 239 136 111 144 187 947 977 862 694 573 477 376 311 230 206 258 1042 886 748 640 686 552 414 363 369 254 258 1272 1489 1485 1108 1129 1455 1409 1317 1382 1207 1099 1034 1064 985 927 834 958 861 787 1733 1476 1276 1071 1078 1516 1304 1180 854 662 1397 1731 888 827 746 671 622 663 570 974 848 888 770 844 1013 895 968 1052 468 948 768 1051 1084 1055 1441 602 718 825 884 609 
643 488 758 638 480 276 190 93 0 89 835 736 641 471 319 214 156 99 98 1024 1063 948 774 653 554 449 372 252 172 227 1127 966 823 712 754 614 457 375 344 347 351 1360 1577 1575 1196 1219 1546 1502 1409 1472 1300 1191 1125 1157 1078 1020 927 1051 954 880 1826 1569 1368 1160 1170 1608 1395 1270 945 755 1485 1824 957 893 810 711 647 663 548 1034 895 919 787 841 1064 908 952 1039 473 946 815 1031 1075 1051 1402 538 645 745 802 571 
728 573 846 726 568 365 278 180 89 0 924 825 730 560 407 302 238 142 61 1110 1151 1036 861 739 641 534 452 317 204 254 1216 1053 907 796 836 693 526 427 365 435 436 1434 1652 1652 1271 1297 1625 1584 1491 1551 1387 1275 1206 1244 1164 1103 1013 1139 1042 968 1914 1657 1457 1249 1259 1696 1484 1359 1026 840 1561 1912 1039 972 888 775 702 697 564 1110 963 975 834 870 1134 951 968 1058 516 975 883 1042 1097 1077 1392 508 600 689 742 570 
344 433 194 256 382 568 651 747 835 924 0 117 196 364 521 623 699 822 912 291 234 126 162 229 318 421 524 688 821 827 298 217 236 271 316 394 562 704 848 504 531 865 1039 999 728 677 934 828 757 872 555 556 559 425 393 430 312 312 234 225 1038 768 558 326 360 797 573 440 457 303 948 1028 361 375 373 580 671 849 924 514 575 744 787 971 631 887 1139 1181 750 1031 546 1234 1177 1124 1696 1148 1292 1426 1494 1028 
233 316 109 139 269 464 549 646 736 825 117 0 100 272 430 529 608 732 817 400 349 243 204 203 263 352 454 612 738 750 412 325 296 285 346 379 516 647 784 397 419 844 1033 1001 695 660 944 854 775 877 601 560 542 460 406 410 287 345 249 203 1108 842 636 426 436 876 659 533 409 216 940 1101 444 440 416 586 660 830 883 592 619 775 792 968 700 902 1135 1185 708 1038 576 1231 1187 1136 1691 1087 1229 1361 1428 982 
226 256 175 120 190 372 455 552 641 730 196 100 0 173 331 431 509 633 720 444 429 317 205 146 175 255 355 512 638 650 493 372 296 247 314 310 424 551 686 308 338 917 1113 1085 762 737 1031 947 865 963 699 648 620 558 499 490 369 443 346 291 1208 942 735 519 535 976 757 629 472 257 1019 1201 454 433 390 524 586 749 791 593 585 728 725 895 689 842 1061 1116 616 970 532 1157 1121 1072 1614 989 1131 1262 1329 888 
285 206 322 216 117 213 290 385 471 560 364 272 173 0 158 259 336 460 547 573 592 477 318 203 129 118 200 345 467 481 657 508 387 294 356 273 302 403 527 163 211 1037 1242 1222 876 866 1175 1101 1016 1104 865 796 754 722 656 629 515 609 511 447 1379 1114 908 690 708 1149 930 802 589 367 1148 1373 541 497 430 477 504 642 654 657 593 702 658 807 729 783 966 1031 484 893 524 1062 1044 1000 1509 829 969 1097 1164 744 
402 273 473 359 214 115 157 239 319 407 521 430 331 158 0 105 178 302 390 707 745 630 455 334 237 139 116 200 310 329 809 647 509 401 451 327 247 291 391 129 184 1160 1370 1355 996 997 1313 1248 1160 1241 1020 939 889 876 806 769 661 764 666 599 1536 1272 1067 847 867 1307 1089 960 717 501 1276 1531 651 594 515 485 472 573 546 746 640 713 630 750 797 759 898 972 390 846 563 991 993 955 1422 687 823 949 1014 623 
469 323 562 444 289 105 76 136 214 302 623 529 431 259 105 0 84 206 288 812 849 734 560 439 341 239 180 162 229 261 914 753 612 503 550 417 297 287 347 166 199 1218 1432 1421 1053 1062 1384 1327 1236 1311 1109 1016 960 965 891 845 742 855 757 687 1629 1368 1164 949 965 1404 1188 1061 783 576 1338 1625 751 691 611 551 517 588 528 839 720 774 671 769 882 800 907 986 394 869 641 996 1012 978 1410 626 756 876 939 590 
553 406 645 527 373 184 122 111 156 238 699 608 509 336 178 84 0 124 213 873 921 806 625 504 404 297 215 119 146 183 985 817 669 558 599 458 306 253 281 249 277 1300 1514 1504 1135 1146 1468 1411 1321 1395 1192 1101 1044 1048 975 929 826 938 840 770 1712 1449 1244 1025 1045 1485 1267 1138 867 660 1421 1707 801 736 653 562 510 555 474 878 743 777 658 737 910 784 865 948 360 840 662 951 978 948 1352 547 675 793 856 525 
670 519 768 650 494 296 218 144 99 142 822 732 633 460 302 206 124 0 98 987 1042 928 743 623 523 414 323 176 73 128 1107 934 782 670 705 560 386 286 244 366 385 1407 1623 1617 1243 1258 1583 1530 1438 1510 1315 1219 1159 1171 1096 1047 947 1061 963 893 1835 1573 1368 1148 1169 1609 1391 1262 981 779 1530 1831 907 839 754 633 560 565 448 973 822 833 695 743 993 814 852 940 379 848 742 931 975 952 1306 457 575 685 746 474 
736 582 845 726 568 366 281 187 98 61 912 817 720 547 390 288 213 98 0 1084 1135 1020 838 717 618 509 421 274 149 196 1199 1030 880 767 804 658 483 375 305 437 445 1458 1675 1672 1294 1316 1642 1596 1504 1569 1391 1286 1221 1247 1170 1114 1019 1139 1042 969 1915 1655 1452 1238 1253 1692 1477 1350 1041 847 1583 1911 1006 937 852 727 649 638 503 1071 918 922 778 810 1090 893 907 997 460 914 838 981 1036 1016 1333 454 553 649 705 509 
633 700 486 537 632 786 859 947 1024 1110 291 400 444 573 707 812 873 987 1084 0 191 189 255 374 470 575 664 825 966 955 216 74 205 318 299 445 642 793 941 734 774 1078 1222 1169 963 893 1091 959 911 1040 668 747 782 580 591 667 567 497 463 490 1043 776 579 322 435 783 560 429 721 593 1138 1023 155 226 291 534 653 833 955 282 432 611 715 905 410 781 1065 1085 800 937 445 1153 1068 1011 1609 1220 1362 1500 1569 1066 
560 664 397 485 616 800 882 977 1063 1151 234 349 429 592 745 849 921 1042 1135 191 0 114 310 423 522 631 731 896 1034 1033 64 165 318 414 424 551 742 891 1039 738 765 895 1032 978 789 713 900 768 720 850 477 563 606 392 413 502 419 319 307 357 878 607 401 138 244 622 393 256 572 491 950 862 339 398 444 686 798 980 1084 473 612 793 881 1071 602 957 1235 1262 918 1112 614 1326 1248 1191 1785 1332 1476 1612 1682 1193 
466 559 309 382 506 687 767 862 948 1036 126 243 317 477 630 734 806 928 1020 189 114 0 203 311 409 517 618 783 920 921 179 125 232 312 334 448 635 783 930 625 654 901 1057 1009 779 714 936 816 756 880 529 575 600 419 414 481 378 322 275 301 971 698 489 233 306 720 491 353 531 412 970 957 302 342 368 602 708 890 984 451 556 734 804 993 577 891 1159 1192 815 1042 544 1252 1183 1127 1714 1226 1370 1506 1575 1092 
423 459 313 318 384 531 604 694 774 861 162 204 205 318 455 560 625 743 838 255 310 203 0 121 220 328 425 589 729 725 372 192 93 113 154 246 432 581 728 479 521 1024 1201 1161 883 837 1096 988 919 1034 710 718 718 585 555 588 467 473 396 379 1173 900 690 436 500 923 694 557 605 420 1110 1159 248 236 216 419 515 695 782 392 419 584 625 811 496 725 978 1019 612 869 385 1073 1015 962 1535 1023 1167 1303 1372 889 
371 370 307 266 286 413 485 573 653 739 229 203 146 203 334 439 504 623 717 374 423 311 121 0 100 209 307 473 611 610 486 313 184 105 173 175 332 476 622 366 412 1047 1237 1204 897 864 1145 1048 972 1079 783 761 745 648 603 614 491 533 443 405 1267 995 785 541 589 1022 796 660 609 400 1144 1256 340 303 250 383 457 629 695 465 440 583 588 765 552 701 932 982 521 834 386 1028 984 933 1488 920 1064 1199 1268 798 
370 327 350 275 238 326 391 477 554 641 318 263 175 129 237 341 404 523 618 470 522 409 220 100 0 109 209 374 511 512 586 412 272 169 228 152 252 388 530 287 339 1091 1288 1260 936 912 1206 1118 1038 1138 861 822 795 723 669 665 544 607 513 464 1356 1086 876 637 678 1115 889 755 645 425 1194 1346 420 370 300 366 414 574 619 529 466 585 560 724 600 681 888 946 444 802 399 985 954 906 1440 831 974 1108 1176 719 
403 317 423 327 232 244 297 376 449 534 421 352 255 118 139 239 297 414 509 575 631 517 328 209 109 0 103 267 403 405 695 520 373 264 312 191 183 296 431 226 284 1151 1354 1331 991 977 1281 1201 1118 1211 954 899 864 813 753 736 618 698 601 544 1456 1188 979 744 780 1218 994 861 702 480 1260 1448 512 454 376 372 388 524 542 606 511 601 544 689 661 671 848 913 369 776 436 943 927 883 1390 734 877 1009 1077 636 
480 370 519 416 297 229 252 311 372 452 524 454 355 200 116 180 215 323 421 664 731 618 425 307 209 103 0 165 304 303 794 613 459 347 384 242 131 202 330 242 298 1236 1443 1423 1075 1066 1375 1299 1214 1305 1055 995 955 913 852 829 714 799 702 643 1559 1291 1082 846 883 1321 1097 963 789 568 1348 1551 586 521 438 374 355 463 455 664 540 600 514 637 702 643 789 861 289 732 460 883 880 840 1320 633 775 906 974 543 
603 468 667 557 415 264 228 230 252 317 688 612 512 345 200 162 119 176 274 825 896 783 589 473 374 267 165 0 141 138 959 776 619 506 535 388 209 133 191 314 357 1360 1571 1556 1196 1197 1513 1446 1358 1442 1210 1138 1090 1068 1001 969 858 954 856 793 1720 1453 1244 1011 1045 1484 1261 1128 917 701 1477 1713 736 665 580 459 396 436 366 796 646 666 541 618 817 665 749 831 241 721 566 836 859 829 1247 486 624 752 818 430 
699 552 783 668 516 331 262 206 172 204 821 738 638 467 310 229 146 73 149 966 1034 920 729 611 511 403 304 141 0 55 1098 916 760 647 676 529 343 226 171 396 423 1446 1661 1651 1282 1292 1614 1555 1465 1541 1330 1245 1189 1186 1116 1074 968 1074 976 909 1846 1581 1374 1146 1174 1614 1393 1262 1013 804 1567 1840 876 805 719 580 500 495 375 932 772 773 630 671 945 746 779 867 311 776 693 858 903 880 1237 403 529 646 710 404 
727 584 802 688 541 366 304 258 227 254 827 750 650 481 329 261 183 128 196 955 1033 921 725 610 512 405 303 138 55 0 1096 909 750 637 661 513 320 188 116 427 460 1479 1692 1680 1315 1321 1641 1577 1489 1569 1346 1268 1217 1203 1135 1098 990 1090 992 927 1858 1591 1383 1149 1183 1623 1400 1266 1042 829 1599 1851 858 785 699 546 458 442 320 906 739 730 582 617 912 697 724 812 264 722 661 803 848 826 1183 364 496 619 685 351 
618 727 455 546 680 865 946 1042 1127 1216 298 412 493 657 809 914 985 1107 1199 216 64 179 372 486 586 695 794 959 1098 1096 0 210 372 472 477 609 801 951 1100 802 829 903 1029 971 807 725 890 752 711 843 462 571 624 396 430 529 457 340 345 403 831 562 363 109 233 573 346 213 607 544 950 813 371 437 490 734 849 1031 1140 493 647 827 924 1115 621 996 1277 1300 976 1151 656 1367 1284 1227 1824 1391 1535 1672 1741 1249 
558 628 412 463 562 721 796 886 966 1053 217 325 372 508 647 753 817 934 1030 74 165 125 192 313 412 520 613 776 916 909 210 0 165 273 269 407 603 754 903 667 705 1024 1176 1126 904 838 1051 925 871 997 635 697 724 536 537 606 502 444 400 422 1041 771 567 304 404 784 556 420 654 520 1091 1023 181 234 280 524 638 820 932 327 448 628 716 906 454 792 1070 1096 770 946 449 1160 1083 1027 1620 1189 1332 1469 1539 1042 
516 545 404 410 466 596 663 748 823 907 236 296 296 387 509 612 669 782 880 205 318 232 93 184 272 373 459 619 760 750 372 165 0 112 105 242 439 590 739 550 596 1100 1271 1228 964 913 1159 1044 980 1099 759 787 795 643 623 667 548 536 467 461 1196 924 716 455 538 941 712 575 690 512 1181 1180 159 144 140 371 479 662 768 299 339 511 571 761 404 661 927 961 605 811 316 1020 954 898 1482 1023 1166 1304 1373 877 
474 473 394 368 388 495 558 640 712 796 271 285 247 294 401 503 558 670 767 318 414 312 113 105 169 264 347 506 647 637 472 273 112 0 68 137 330 481 630 455 505 1125 1306 1269 979 938 1205 1100 1029 1142 823 825 820 696 663 688 566 584 503 478 1284 1011 801 545 613 1032 803 665 695 494 1215 1270 251 203 145 308 401 581 672 364 338 490 516 700 447 620 867 910 504 761 290 962 909 856 1425 919 1062 1199 1269 780 
541 540 456 435 454 550 609 686 754 836 316 346 314 356 451 550 599 705 804 299 424 334 154 173 228 312 384 535 676 661 477 269 105 68 0 148 344 494 642 515 567 1178 1356 1316 1036 991 1250 1139 1072 1188 858 872 872 736 710 742 621 627 550 533 1301 1029 821 560 640 1047 818 680 754 558 1265 1286 202 143 77 269 374 557 663 301 273 431 473 661 379 570 828 866 502 716 231 922 861 807 1384 922 1065 1202 1271 773 
520 478 480 422 388 435 483 552 614 693 394 379 310 273 327 417 458 560 658 445 551 448 246 175 152 191 242 388 529 513 609 407 242 137 148 0 197 348 496 414 470 1222 1412 1380 1071 1039 1320 1221 1146 1254 950 937 921 819 778 789 666 704 617 581 1419 1147 936 681 746 1169 940 802 781 567 1319 1406 347 278 195 215 281 455 536 421 322 432 415 589 471 532 756 807 367 661 251 852 811 762 1312 782 926 1063 1132 643 
586 492 598 509 412 359 373 414 457 526 562 516 424 302 247 297 306 386 483 642 742 635 432 332 252 183 131 209 343 320 801 603 439 330 344 197 0 150 299 372 429 1333 1534 1509 1174 1157 1456 1370 1290 1388 1112 1073 1042 974 922 913 793 859 765 715 1599 1327 1117 868 922 1353 1125 988 884 662 1440 1587 538 464 379 256 224 341 367 588 438 477 383 510 607 512 666 735 192 602 357 761 752 711 1207 591 735 871 940 467 
682 563 720 619 496 380 358 363 375 427 704 647 551 403 291 287 253 286 375 793 891 783 581 476 388 296 202 133 226 188 951 754 590 481 494 348 150 0 148 418 468 1439 1646 1625 1277 1269 1577 1498 1415 1507 1248 1196 1157 1108 1050 1031 915 993 897 841 1743 1472 1262 1016 1065 1499 1272 1136 991 770 1551 1732 684 608 523 357 274 303 255 721 551 547 411 485 724 534 619 699 107 587 473 709 727 695 1131 444 587 723 792 340 
793 660 849 742 605 452 403 369 344 365 848 784 686 527 391 347 281 244 305 941 1039 930 728 622 530 431 330 191 171 116 1100 903 739 630 642 496 299 148 0 505 546 1551 1761 1745 1387 1387 1701 1628 1543 1629 1385 1323 1278 1244 1182 1155 1042 1129 1032 973 1886 1616 1406 1162 1208 1644 1418 1282 1107 889 1667 1876 830 752 668 483 380 334 204 858 677 645 487 504 850 594 608 696 177 609 602 687 733 712 1073 303 445 578 646 244 
304 157 410 291 133 71 156 254 347 435 504 397 308 163 129 166 249 366 437 734 738 625 479 366 287 226 242 314 396 427 802 667 550 455 515 414 372 418 505 0 58 1051 1265 1255 887 896 1218 1163 1072 1145 954 853 794 810 733 681 582 703 607 533 1479 1222 1022 824 825 1261 1051 929 617 412 1171 1476 704 658 587 596 595 702 672 817 736 825 754 879 882 883 1028 1101 519 974 662 1120 1122 1083 1550 792 923 1042 1106 744 
292 137 417 299 149 94 167 258 351 436 531 419 338 211 184 199 277 385 445 774 765 654 521 412 339 284 298 357 423 460 829 705 596 505 567 470 429 468 546 58 0 1023 1238 1231 859 873 1198 1151 1058 1125 952 840 776 809 728 668 577 707 612 535 1480 1227 1031 844 836 1269 1064 946 597 404 1145 1479 752 708 640 655 653 757 719 868 793 884 811 934 937 940 1082 1156 571 1030 719 1174 1177 1139 1600 824 953 1068 1130 787 
758 894 743 824 946 1115 1189 1272 1360 1434 865 844 917 1037 1160 1218 1300 1407 1458 1078 895 901 1024 1047 1091 1151 1236 1360 1446 1479 903 1024 1100 1125 1178 1222 1333 1439 1551 1051 1023 0 217 233 164 187 250 336 275 195 485 332 306 506 487 436 558 580 633 646 786 694 676 802 676 755 741 766 448 670 131 812 1203 1234 1238 1430 1502 1665 1692 1352 1440 1609 1636 1811 1478 1745 1978 2030 1520 1882 1410 2074 2031 1980 2532 1843 1975 2092 2153 1779 
968 1108 938 1027 1156 1330 1405 1489 1577 1652 1039 1033 1113 1242 1370 1432 1514 1623 1675 1222 1032 1057 1201 1237 1288 1354 1443 1571 1661 1692 1029 1176 1271 1306 1356 1412 1534 1646 1761 1265 1238 217 0 79 380 377 166 319 322 187 573 484 492 641 647 623 746 736 805 831 708 695 741 921 795 750 802 860 654 875 94 741 1358 1398 1410 1615 1694 1862 1896 1502 1608 1782 1822 2001 1630 1926 2169 2217 1724 2067 1585 2265 2215 2162 2725 2056 2189 2307 2369 1986 
953 1098 911 1006 1140 1321 1398 1485 1575 1652 999 1001 1085 1222 1355 1421 1504 1617 1672 1169 978 1009 1161 1204 1260 1331 1423 1556 1651 1680 971 1126 1228 1269 1316 1380 1509 1625 1745 1255 1231 233 79 0 384 359 89 244 259 129 510 444 467 590 606 595 716 691 766 798 631 618 672 862 738 672 731 795 638 855 104 663 1308 1351 1368 1578 1661 1832 1873 1450 1564 1739 1785 1967 1579 1886 2135 2180 1700 2030 1544 2230 2177 2123 2692 2042 2177 2298 2361 1966 
595 730 591 665 782 951 1024 1108 1196 1271 728 695 762 876 996 1053 1135 1243 1294 963 789 779 883 897 936 991 1075 1196 1282 1315 807 904 964 979 1036 1071 1174 1277 1387 887 859 164 380 384 0 102 376 406 318 306 447 253 183 422 376 299 416 469 504 504 853 709 641 714 594 770 707 702 290 512 289 872 1077 1102 1099 1281 1349 1509 1530 1229 1302 1467 1486 1658 1352 1598 1824 1878 1360 1732 1268 1920 1882 1831 2376 1679 1810 1927 1989 1617 
594 740 562 650 782 962 1040 1129 1219 1297 677 660 737 866 997 1062 1146 1258 1316 893 713 714 837 864 912 977 1066 1197 1292 1321 725 838 913 938 991 1039 1157 1269 1387 896 873 187 377 359 102 0 327 324 230 254 345 158 118 332 301 250 373 395 445 460 761 607 539 628 504 668 605 607 279 498 282 778 1015 1047 1051 1245 1320 1486 1519 1165 1252 1421 1451 1629 1291 1559 1795 1846 1347 1697 1223 1891 1846 1794 2351 1683 1818 1939 2002 1610 
914 1063 858 959 1099 1286 1365 1455 1546 1625 934 944 1031 1175 1313 1384 1468 1583 1642 1091 900 936 1096 1145 1206 1281 1375 1513 1614 1641 890 1051 1159 1205 1250 1320 1456 1577 1701 1218 1198 250 166 89 376 327 0 154 180 73 427 384 424 517 542 545 663 623 703 742 559 529 583 781 657 584 642 710 601 812 148 589 1233 1279 1299 1514 1601 1774 1822 1373 1492 1669 1721 1905 1502 1819 2073 2115 1648 1965 1475 2168 2111 2057 2630 2000 2137 2260 2324 1917 
860 1014 779 889 1038 1233 1316 1409 1502 1584 828 854 947 1101 1248 1327 1411 1530 1596 959 768 816 988 1048 1118 1201 1299 1446 1555 1577 752 925 1044 1100 1139 1221 1370 1498 1628 1163 1151 336 319 244 406 324 154 0 96 152 290 310 383 403 448 482 587 516 605 656 453 379 431 642 523 436 488 563 561 751 279 477 1106 1156 1183 1407 1500 1677 1737 1241 1371 1550 1612 1799 1370 1705 1966 2005 1562 1854 1359 2061 1998 1942 2523 1931 2070 2197 2263 1836 
768 921 695 801 948 1142 1224 1317 1409 1491 757 775 865 1016 1160 1236 1321 1438 1504 911 720 756 919 972 1038 1118 1214 1358 1465 1489 711 871 980 1029 1072 1146 1290 1415 1543 1072 1058 275 322 259 318 230 180 96 0 135 251 220 287 337 369 391 500 445 529 574 535 419 423 602 478 479 486 538 466 660 256 555 1052 1098 1120 1338 1427 1602 1657 1193 1312 1489 1544 1729 1321 1641 1897 1938 1482 1788 1296 1992 1933 1878 2454 1844 1983 2109 2174 1754 
842 990 789 888 1027 1213 1292 1382 1472 1551 872 877 963 1104 1241 1311 1395 1510 1569 1040 850 880 1034 1079 1138 1211 1305 1442 1541 1569 843 997 1099 1142 1188 1254 1388 1507 1629 1145 1125 195 187 129 306 254 73 152 135 0 386 317 351 461 478 475 594 562 639 674 593 529 556 736 610 587 618 673 528 740 128 620 1179 1222 1239 1451 1536 1708 1753 1322 1435 1610 1658 1841 1450 1758 2009 2053 1579 1903 1415 2104 2049 1996 2566 1928 2065 2187 2251 1847 
663 817 547 665 822 1025 1110 1207 1300 1387 555 601 699 865 1020 1109 1192 1315 1391 668 477 529 710 783 861 954 1055 1210 1330 1346 462 635 759 823 858 950 1112 1248 1385 954 952 485 573 510 447 345 427 290 251 386 0 203 303 144 226 319 377 256 354 422 529 299 194 353 232 355 260 288 425 551 502 532 815 867 898 1127 1225 1405 1477 950 1082 1262 1331 1519 1079 1420 1686 1721 1303 1570 1074 1779 1712 1656 2242 1688 1830 1961 2028 1580 
549 703 476 581 728 923 1005 1099 1191 1275 556 560 648 796 939 1016 1101 1219 1286 747 563 575 718 761 822 899 995 1138 1245 1268 571 697 787 825 872 937 1073 1196 1323 853 840 332 484 444 253 158 384 310 220 317 203 0 101 175 163 172 281 253 322 358 687 492 392 472 347 550 457 449 258 440 395 698 877 914 926 1134 1218 1390 1439 1024 1124 1298 1341 1523 1151 1443 1691 1736 1265 1586 1101 1786 1733 1680 2248 1624 1763 1888 1953 1535 
490 640 445 538 675 862 943 1034 1125 1206 559 542 620 754 889 960 1044 1159 1221 782 606 600 718 745 795 864 955 1090 1189 1217 624 724 795 820 872 921 1042 1157 1278 794 776 306 492 467 183 118 424 383 287 351 303 101 0 245 193 131 254 286 328 341 784 594 487 533 414 652 551 528 179 388 398 796 900 929 932 1126 1202 1369 1406 1051 1134 1303 1333 1510 1176 1440 1677 1727 1233 1579 1104 1773 1728 1676 2233 1577 1713 1836 1900 1498 
522 675 403 521 678 881 967 1064 1157 1244 425 460 558 722 876 965 1048 1171 1247 580 392 419 585 648 723 813 913 1068 1186 1203 396 536 643 696 736 819 974 1108 1244 810 809 506 641 590 422 332 517 403 337 461 144 175 245 0 92 204 237 115 211 278 671 427 265 296 172 477 323 284 312 410 558 671 717 761 782 1004 1097 1275 1341 861 975 1152 1209 1396 989 1304 1563 1602 1166 1452 959 1658 1596 1541 2120 1547 1689 1819 1886 1442 
438 592 333 447 602 804 889 985 1078 1164 393 406 499 656 806 891 975 1096 1170 591 413 414 555 603 669 753 852 1001 1116 1135 430 537 623 663 710 778 922 1050 1182 733 728 487 647 606 376 301 542 448 369 478 226 163 193 92 0 117 152 94 160 209 755 518 356 343 232 568 412 357 223 325 558 758 716 752 763 972 1059 1233 1289 865 961 1134 1179 1363 991 1280 1530 1574 1114 1424 938 1626 1571 1517 2088 1485 1625 1753 1820 1387 
377 531 315 413 557 751 833 927 1020 1103 430 410 490 629 769 845 929 1047 1114 667 502 481 588 614 665 736 829 969 1074 1098 529 606 667 688 742 789 913 1031 1155 681 668 436 623 595 299 250 545 482 391 475 319 172 131 204 117 0 123 190 205 210 840 618 470 450 347 672 527 473 108 269 530 846 778 804 803 994 1071 1238 1278 930 1005 1173 1201 1379 1053 1309 1546 1595 1104 1447 974 1642 1596 1544 2102 1455 1593 1718 1783 1372 
286 440 195 301 453 653 738 834 927 1013 312 287 369 515 661 742 826 947 1019 567 419 378 467 491 544 618 714 858 968 990 457 502 548 566 621 666 793 915 1042 582 577 558 746 716 416 373 663 587 500 594 377 281 254 237 152 123 0 157 111 88 907 664 488 399 323 712 535 452 154 173 653 908 667 688 683 871 948 1116 1159 820 886 1052 1078 1256 941 1186 1423 1472 985 1324 853 1519 1473 1421 1979 1344 1483 1609 1675 1254 
426 575 293 412 570 774 860 958 1051 1139 312 345 443 609 764 855 938 1061 1139 497 319 322 473 533 607 698 799 954 1074 1090 340 444 536 584 627 704 859 993 1129 703 707 580 736 691 469 395 623 516 445 562 256 253 286 115 94 190 157 0 98 171 775 520 333 260 167 564 378 296 281 317 648 773 624 661 676 892 983 1160 1225 772 872 1047 1099 1284 898 1196 1452 1493 1050 1342 852 1547 1488 1434 2009 1432 1574 1705 1772 1326 
337 482 196 315 474 677 763 861 954 1042 234 249 346 511 666 757 840 963 1042 463 307 275 396 443 513 601 702 856 976 992 345 400 467 503 550 617 765 897 1032 607 612 633 805 766 504 445 703 605 529 639 354 322 328 211 160 205 111 98 0 79 872 615 421 292 235 657 460 360 264 233 714 869 573 601 606 812 898 1072 1132 724 807 978 1019 1202 848 1121 1369 1414 957 1264 780 1465 1411 1357 1927 1335 1477 1607 1674 1232 
257 404 125 243 400 604 690 787 880 968 225 203 291 447 599 687 770 893 969 490 357 301 379 405 464 544 643 793 909 927 403 422 461 478 533 581 715 841 973 533 535 646 831 798 504 460 742 656 574 674 422 358 341 278 209 210 88 171 79 0 946 692 500 363 314 735 539 438 233 155 738 944 583 601 595 784 863 1033 1082 736 798 964 991 1170 856 1099 1337 1386 907 1237 764 1433 1386 1334 1894 1275 1416 1545 1611 1179 
1193 1346 1069 1188 1346 1550 1636 1733 1826 1914 1038 1108 1208 1379 1536 1629 1712 1835 1915 1043 878 971 1173 1267 1356 1456 1559 1720 1846 1858 831 1041 1196 1284 1301 1419 1599 1743 1886 1479 1480 786 708 631 853 761 559 453 535 593 529 687 784 671 755 840 907 775 872 946 0 272 482 741 677 260 485 621 941 1080 707 39 1198 1268 1321 1565 1676 1859 1955 1299 1474 1652 1756 1947 1418 1824 2108 2128 1785 1980 1487 2196 2109 2052 2651 2187 2330 2464 2532 2062 
945 1096 811 930 1089 1292 1378 1476 1569 1657 768 842 942 1114 1272 1368 1449 1573 1655 776 607 698 900 995 1086 1188 1291 1453 1581 1591 562 771 924 1011 1029 1147 1327 1472 1616 1222 1227 694 695 618 709 607 529 379 419 529 299 492 594 427 518 618 664 520 615 692 272 0 210 469 408 60 216 350 725 835 658 260 932 1000 1051 1293 1404 1587 1683 1040 1208 1387 1486 1677 1162 1557 1840 1862 1512 1713 1218 1929 1845 1787 2385 1916 2060 2194 2263 1790 
758 903 614 732 889 1092 1178 1276 1368 1457 558 636 735 908 1067 1164 1244 1368 1452 579 401 489 690 785 876 979 1082 1244 1374 1383 363 567 716 801 821 936 1117 1262 1406 1022 1031 676 741 672 641 539 583 431 423 556 194 392 487 265 356 470 488 333 421 500 482 210 0 263 199 240 66 150 578 650 680 470 734 799 846 1087 1196 1378 1472 852 1010 1190 1282 1473 978 1358 1637 1662 1302 1513 1016 1727 1647 1590 2186 1706 1850 1984 2053 1579 
604 729 442 548 695 890 974 1071 1160 1249 326 426 519 690 847 949 1025 1148 1238 322 138 233 436 541 637 744 846 1011 1146 1149 109 304 455 545 560 681 868 1016 1162 824 844 802 921 862 714 628 781 642 602 736 353 472 533 296 343 450 399 260 292 363 741 469 263 0 126 487 258 120 539 515 844 726 475 537 582 824 935 1117 1217 601 749 930 1019 1210 729 1096 1374 1400 1049 1250 753 1464 1386 1329 1924 1459 1603 1739 1808 1325 
571 711 420 536 692 894 980 1078 1170 1259 360 436 535 708 867 965 1045 1169 1253 435 244 306 500 589 678 780 883 1045 1174 1183 233 404 538 613 640 746 922 1065 1208 825 836 676 795 738 594 504 657 523 478 610 232 347 414 172 232 347 323 167 235 314 677 408 199 126 0 440 227 129 445 469 717 668 583 638 673 909 1013 1195 1281 718 853 1033 1110 1300 846 1194 1465 1497 1109 1346 848 1558 1486 1430 2019 1509 1653 1786 1855 1386 
990 1139 852 971 1128 1331 1417 1516 1608 1696 797 876 976 1149 1307 1404 1485 1609 1692 783 622 720 923 1022 1115 1218 1321 1484 1614 1623 573 784 941 1032 1047 1169 1353 1499 1644 1261 1269 755 750 672 770 668 584 436 479 587 355 550 652 477 568 672 712 564 657 735 260 60 240 487 440 0 229 366 779 881 716 239 938 1009 1064 1308 1420 1603 1704 1039 1214 1392 1497 1688 1160 1564 1849 1868 1536 1720 1228 1937 1849 1792 2391 1943 2087 2222 2290 1812 
797 939 648 764 919 1121 1206 1304 1395 1484 573 659 757 930 1089 1188 1267 1391 1477 560 393 491 694 796 889 994 1097 1261 1393 1400 346 556 712 803 818 940 1125 1272 1418 1051 1064 741 802 731 707 605 642 488 486 618 260 457 551 323 412 527 535 378 460 539 485 216 66 258 227 229 0 137 635 692 743 468 716 784 836 1080 1192 1374 1475 825 992 1171 1271 1462 949 1341 1624 1646 1307 1497 1003 1713 1629 1571 2169 1715 1859 1995 2064 1583 
691 825 534 647 799 997 1082 1180 1270 1359 440 533 629 802 960 1061 1138 1262 1350 429 256 353 557 660 755 861 963 1128 1262 1266 213 420 575 665 680 802 988 1136 1282 929 946 766 860 795 702 607 710 563 538 673 288 449 528 284 357 473 452 296 360 438 621 350 150 120 129 366 137 0 574 593 790 605 585 650 700 943 1054 1237 1338 702 861 1041 1136 1327 828 1209 1490 1513 1169 1364 868 1579 1498 1441 2037 1579 1723 1859 1928 1446 
315 462 302 375 502 684 764 854 945 1026 457 409 472 589 717 783 867 981 1041 721 572 531 605 609 645 702 789 917 1013 1042 607 654 690 695 754 781 884 991 1107 617 597 448 654 638 290 279 601 561 466 528 425 258 179 312 223 108 154 281 264 233 941 725 578 539 445 779 635 574 0 222 560 949 817 832 821 992 1058 1218 1243 970 1024 1184 1197 1368 1089 1310 1533 1588 1072 1442 985 1629 1593 1542 2085 1403 1538 1659 1723 1332 
112 267 110 153 288 483 566 662 755 840 303 216 257 367 501 576 660 779 847 593 491 412 420 400 425 480 568 701 804 829 544 520 512 494 558 567 662 770 889 412 404 670 875 855 512 498 812 751 660 740 551 440 388 410 325 269 173 317 233 155 1080 835 650 515 469 881 692 593 222 0 780 1081 656 656 630 781 840 997 1021 807 832 983 982 1150 917 1099 1314 1371 850 1227 784 1410 1378 1329 1865 1188 1325 1449 1514 1111 
874 1015 844 933 1061 1237 1312 1397 1485 1561 948 940 1019 1148 1276 1338 1421 1530 1583 1138 950 970 1110 1144 1194 1260 1348 1477 1567 1599 950 1091 1181 1215 1265 1319 1440 1551 1667 1171 1145 131 94 104 289 282 148 279 256 128 502 395 398 558 558 530 653 648 714 738 707 658 680 844 717 716 743 790 560 780 0 736 1272 1310 1321 1522 1601 1768 1802 1418 1519 1692 1729 1909 1545 1834 2076 2124 1629 1975 1495 2172 2124 2071 2632 1962 2095 2214 2276 1892 
1193 1346 1066 1185 1343 1547 1633 1731 1824 1912 1028 1101 1201 1373 1531 1625 1707 1831 1911 1023 862 957 1159 1256 1346 1448 1551 1713 1840 1851 813 1023 1180 1270 1286 1406 1587 1732 1876 1476 1479 812 741 663 872 778 589 477 555 620 532 698 796 671 758 846 908 773 869 944 39 260 470 726 668 239 468 605 949 1081 736 0 1178 1248 1303 1547 1660 1842 1942 1275 1453 1630 1737 1928 1394 1802 2088 2106 1772 1959 1468 2176 2087 2029 2629 2177 2320 2455 2523 2049 
670 705 546 566 625 746 808 888 957 1039 361 444 454 541 651 751 801 907 1006 155 339 302 248 340 420 512 586 736 876 858 371 181 159 251 202 347 538 684 830 704 752 1203 1358 1308 1077 1015 1233 1106 1052 1179 815 877 900 717 716 778 667 624 573 583 1198 932 734 475 583 938 716 585 817 656 1272 1178 0 79 161 391 512 689 822 153 276 456 562 752 275 625 910 930 676 782 293 998 913 856 1453 1095 1235 1373 1442 932 
657 674 548 551 590 693 752 827 893 972 375 440 433 497 594 691 736 839 937 226 398 342 236 303 370 454 521 665 805 785 437 234 144 203 143 278 464 608 752 658 708 1234 1398 1351 1102 1047 1279 1156 1098 1222 867 914 929 761 752 804 688 661 601 601 1268 1000 799 537 638 1009 784 650 832 656 1310 1248 79 0 85 312 433 610 742 162 215 394 489 679 260 559 840 863 597 714 219 929 849 793 1387 1016 1156 1293 1363 853 
617 617 526 511 530 618 673 746 810 888 373 416 390 430 515 611 653 754 852 291 444 368 216 250 300 376 438 580 719 699 490 280 140 145 77 195 379 523 668 587 640 1238 1410 1368 1099 1051 1299 1183 1120 1239 898 926 932 782 763 803 683 676 606 595 1321 1051 846 582 673 1064 836 700 821 630 1321 1303 161 85 0 244 362 542 666 230 203 371 437 627 303 522 792 823 516 673 176 884 814 759 1345 935 1076 1214 1283 776 
735 683 690 637 594 600 625 671 711 775 580 586 524 477 485 551 562 633 727 534 686 602 419 383 366 372 374 459 580 546 734 524 371 308 269 215 256 357 483 596 655 1430 1615 1578 1281 1245 1514 1407 1338 1451 1127 1134 1126 1004 972 994 871 892 812 784 1565 1293 1087 824 909 1308 1080 943 992 781 1522 1547 391 312 244 0 122 299 435 381 194 229 207 392 367 318 559 602 310 452 119 654 601 550 1116 717 853 990 1058 545 
780 705 759 690 620 584 593 622 647 702 671 660 586 504 472 517 510 560 649 653 798 708 515 457 414 388 355 396 500 458 849 638 479 401 374 281 224 274 380 595 653 1502 1694 1661 1349 1320 1601 1500 1427 1536 1225 1218 1202 1097 1059 1071 948 983 898 863 1676 1404 1196 935 1013 1420 1192 1054 1058 840 1601 1660 512 433 362 122 0 182 313 501 304 273 158 309 473 287 475 531 203 390 237 571 541 496 1031 596 731 868 936 422 
927 832 924 844 753 675 661 663 663 697 849 830 749 642 573 588 555 565 638 833 980 890 695 629 574 524 463 436 495 442 1031 820 662 581 557 455 341 303 334 702 757 1665 1862 1832 1509 1486 1774 1677 1602 1708 1405 1390 1369 1275 1233 1238 1116 1160 1072 1033 1859 1587 1378 1117 1195 1603 1374 1237 1218 997 1768 1842 689 610 542 299 182 0 178 659 453 353 177 182 608 262 326 399 195 285 401 420 424 392 867 461 584 716 783 272 
936 819 964 869 751 628 592 570 548 564 924 883 791 654 546 528 474 448 503 955 1084 984 782 695 619 542 455 366 375 320 1140 932 768 672 663 536 367 255 204 672 719 1692 1896 1873 1530 1519 1822 1737 1657 1753 1477 1439 1406 1341 1289 1278 1159 1225 1132 1082 1955 1683 1472 1217 1281 1704 1475 1338 1243 1021 1802 1942 822 742 666 435 313 178 0 813 613 530 354 316 775 435 404 494 174 419 550 483 533 516 881 287 418 554 623 110 
815 836 697 709 752 849 903 974 1034 1110 514 592 593 657 746 839 878 973 1071 282 473 451 392 465 529 606 664 796 932 906 493 327 299 364 301 421 588 721 858 817 868 1352 1502 1450 1229 1165 1373 1241 1193 1322 950 1024 1051 861 865 930 820 772 724 736 1299 1040 852 601 718 1039 825 702 970 807 1418 1275 153 162 230 381 501 659 813 0 206 364 506 685 128 540 832 838 690 696 263 913 814 757 1357 1097 1232 1368 1436 921 
811 793 728 706 704 753 791 848 895 963 575 619 585 593 640 720 743 822 918 432 612 556 419 440 466 511 540 646 772 739 647 448 339 338 273 322 438 551 677 736 793 1440 1608 1564 1302 1252 1492 1371 1312 1435 1082 1124 1134 975 961 1005 886 872 807 798 1474 1208 1010 749 853 1214 992 861 1024 832 1519 1453 276 215 203 194 304 453 613 206 0 180 301 484 173 349 637 653 503 506 80 723 637 580 1177 899 1031 1166 1233 719 
949 908 884 847 819 828 849 888 919 975 744 775 728 702 713 774 777 833 922 611 793 734 584 583 585 601 600 666 773 730 827 628 511 490 431 432 477 547 645 825 884 1609 1782 1739 1467 1421 1669 1550 1489 1610 1262 1298 1303 1152 1134 1173 1052 1047 978 964 1652 1387 1190 930 1033 1392 1171 1041 1184 983 1692 1630 456 394 371 229 273 353 530 364 180 0 176 328 275 175 468 476 469 332 199 549 457 400 998 814 935 1065 1130 625 
929 861 895 835 775 742 747 770 787 834 787 792 725 658 630 671 658 695 778 715 881 804 625 588 560 544 514 541 630 582 924 716 571 516 473 415 383 411 487 754 811 1636 1822 1785 1486 1451 1721 1612 1544 1658 1331 1341 1333 1209 1179 1201 1078 1099 1019 991 1756 1486 1282 1019 1110 1497 1271 1136 1197 982 1729 1737 562 489 437 207 158 177 354 506 301 176 0 190 439 129 355 394 318 246 269 448 396 346 911 638 758 889 954 448 
1087 1003 1068 999 921 854 842 844 841 870 971 968 895 807 750 769 737 743 810 905 1071 993 811 765 724 689 637 618 671 617 1115 906 761 700 661 589 510 485 504 879 934 1811 2001 1967 1658 1629 1905 1799 1729 1841 1519 1523 1510 1396 1363 1379 1256 1284 1202 1170 1947 1677 1473 1210 1300 1688 1462 1327 1368 1150 1909 1928 752 679 627 392 309 182 316 685 484 328 190 0 603 164 167 224 377 105 459 263 243 211 725 557 654 773 833 371 
915 920 808 808 833 906 951 1013 1064 1134 631 700 689 729 797 882 910 993 1090 410 602 577 496 552 600 661 702 817 945 912 621 454 404 447 379 471 607 724 850 882 937 1478 1630 1579 1352 1291 1502 1370 1321 1450 1079 1151 1176 989 991 1053 941 898 848 856 1418 1162 978 729 846 1160 949 828 1089 917 1545 1394 275 260 303 367 473 608 775 128 173 275 439 603 0 447 738 734 675 599 251 813 706 649 1247 1062 1191 1324 1391 878 
1051 988 1008 954 901 871 875 895 908 951 887 902 842 783 759 800 784 814 893 781 957 891 725 701 681 671 643 665 746 697 996 792 661 620 570 532 512 534 594 883 940 1745 1926 1886 1598 1559 1819 1705 1641 1758 1420 1443 1440 1304 1280 1309 1186 1196 1121 1099 1824 1557 1358 1096 1194 1564 1341 1209 1310 1099 1834 1802 625 559 522 318 287 262 435 540 349 175 129 164 447 0 292 304 435 157 346 374 292 237 828 702 809 932 994 512 
1249 1158 1234 1163 1078 998 977 968 952 968 1139 1135 1061 966 898 907 865 852 907 1065 1235 1159 978 932 888 848 789 749 779 724 1277 1070 927 867 828 756 666 619 608 1028 1082 1978 2169 2135 1824 1795 2073 1966 1897 2009 1686 1691 1677 1563 1530 1546 1423 1452 1369 1337 2108 1840 1637 1374 1465 1849 1624 1490 1533 1314 2076 2088 910 840 792 559 475 326 404 832 637 468 355 167 738 292 0 92 512 140 621 96 141 154 557 577 640 740 792 416 
1311 1227 1287 1222 1145 1075 1058 1052 1039 1058 1181 1185 1116 1031 972 986 948 940 997 1085 1262 1192 1019 982 946 913 861 831 867 812 1300 1096 961 910 866 807 735 699 696 1101 1156 2030 2217 2180 1878 1846 2115 2005 1938 2053 1721 1736 1727 1602 1574 1595 1472 1493 1414 1386 2128 1862 1662 1400 1497 1868 1646 1513 1588 1371 2124 2106 930 863 823 602 531 399 494 838 653 476 394 224 734 304 92 0 592 150 648 87 55 94 523 667 726 820 869 508 
768 658 789 696 586 485 466 468 473 516 750 708 616 484 390 394 360 379 460 800 918 815 612 521 444 369 289 241 311 264 976 770 605 504 502 367 192 107 177 519 571 1520 1724 1700 1360 1347 1648 1562 1482 1579 1303 1265 1233 1166 1114 1104 985 1050 957 907 1785 1512 1302 1049 1109 1536 1307 1169 1072 850 1629 1772 676 597 516 310 203 195 174 690 503 469 318 377 675 435 512 592 0 480 430 603 619 588 1032 420 562 700 769 277 
1170 1093 1141 1078 1009 952 943 948 946 975 1031 1038 970 893 846 869 840 848 914 937 1112 1042 869 834 802 776 732 721 776 722 1151 946 811 761 716 661 602 587 609 974 1030 1882 2067 2030 1732 1697 1965 1854 1788 1903 1570 1586 1579 1452 1424 1447 1324 1342 1264 1237 1980 1713 1513 1250 1346 1720 1497 1364 1442 1227 1975 1959 782 714 673 452 390 285 419 696 506 332 246 105 599 157 140 150 480 0 498 217 151 109 673 646 731 843 899 465 
755 727 685 652 637 677 713 768 815 883 546 576 532 524 563 641 662 742 838 445 614 544 385 386 399 436 460 566 693 661 656 449 316 290 231 251 357 473 602 662 719 1410 1585 1544 1268 1223 1475 1359 1296 1415 1074 1101 1104 959 938 974 853 852 780 764 1487 1218 1016 753 848 1228 1003 868 985 784 1495 1468 293 219 176 119 237 401 550 263 80 199 269 459 251 346 621 648 430 498 0 711 638 583 1171 834 969 1105 1174 659 
1345 1253 1331 1259 1173 1089 1065 1051 1031 1042 1234 1231 1157 1062 991 996 951 931 981 1153 1326 1252 1073 1028 985 943 883 836 858 803 1367 1160 1020 962 922 852 761 709 687 1120 1174 2074 2265 2230 1920 1891 2168 2061 1992 2104 1779 1786 1773 1658 1626 1642 1519 1547 1465 1433 2196 1929 1727 1464 1558 1937 1713 1579 1629 1410 2172 2176 998 929 884 654 571 420 483 913 723 549 448 263 813 374 96 87 603 217 711 0 137 181 462 621 666 751 797 479 
1321 1243 1291 1230 1159 1098 1085 1084 1075 1097 1177 1187 1121 1044 993 1012 978 975 1036 1068 1248 1183 1015 984 954 927 880 859 903 848 1284 1083 954 909 861 811 752 727 733 1122 1177 2031 2215 2177 1882 1846 2111 1998 1933 2049 1712 1733 1728 1596 1571 1596 1473 1488 1411 1386 2109 1845 1647 1386 1486 1849 1629 1498 1593 1378 2124 2087 913 849 814 601 541 424 533 814 637 457 396 243 706 292 141 55 619 151 638 137 0 57 542 718 779 875 924 555 
1275 1200 1240 1182 1116 1061 1052 1055 1051 1077 1124 1136 1072 1000 955 978 948 952 1016 1011 1191 1127 962 933 906 883 840 829 880 826 1227 1027 898 856 807 762 711 695 712 1083 1139 1980 2162 2123 1831 1794 2057 1942 1878 1996 1656 1680 1676 1541 1517 1544 1421 1434 1357 1334 2052 1787 1590 1329 1430 1792 1571 1441 1542 1329 2071 2029 856 793 759 550 496 392 516 757 580 400 346 211 649 237 154 94 588 109 583 181 57 0 600 721 792 894 946 549 
1794 1691 1789 1712 1616 1509 1473 1441 1402 1392 1696 1691 1614 1509 1422 1410 1352 1306 1333 1609 1785 1714 1535 1488 1440 1390 1320 1247 1237 1183 1824 1620 1482 1425 1384 1312 1207 1131 1073 1550 1600 2532 2725 2692 2376 2351 2630 2523 2454 2566 2242 2248 2233 2120 2088 2102 1979 2009 1927 1894 2651 2385 2186 1924 2019 2391 2169 2037 2085 1865 2632 2629 1453 1387 1345 1116 1031 867 881 1357 1177 998 911 725 1247 828 557 523 1032 673 1171 462 542 600 0 897 866 882 894 832 
1088 948 1151 1043 901 730 665 602 538 508 1148 1087 989 829 687 626 547 457 454 1220 1332 1226 1023 920 831 734 633 486 403 364 1391 1189 1023 919 922 782 591 444 303 792 824 1843 2056 2042 1679 1683 2000 1931 1844 1928 1688 1624 1577 1547 1485 1455 1344 1432 1335 1275 2187 1916 1706 1459 1509 1943 1715 1579 1403 1188 1962 2177 1095 1016 935 717 596 461 287 1097 899 814 638 557 1062 702 577 667 420 646 834 621 718 721 897 0 144 280 350 191 
1223 1080 1291 1181 1037 859 790 718 645 600 1292 1229 1131 969 823 756 675 575 553 1362 1476 1370 1167 1064 974 877 775 624 529 496 1535 1332 1166 1062 1065 926 735 587 445 923 953 1975 2189 2177 1810 1818 2137 2070 1983 2065 1830 1763 1713 1689 1625 1593 1483 1574 1477 1416 2330 2060 1850 1603 1653 2087 1859 1723 1538 1325 2095 2320 1235 1156 1076 853 731 584 418 1232 1031 935 758 654 1191 809 640 726 562 731 969 666 779 792 866 144 0 137 207 312 
1345 1199 1420 1308 1160 977 903 825 745 689 1426 1361 1262 1097 949 876 793 685 649 1500 1612 1506 1303 1199 1108 1009 906 752 646 619 1672 1469 1304 1199 1202 1063 871 723 578 1042 1068 2092 2307 2298 1927 1939 2260 2197 2109 2187 1961 1888 1836 1819 1753 1718 1609 1705 1607 1545 2464 2194 1984 1739 1786 2222 1995 1859 1659 1449 2214 2455 1373 1293 1214 990 868 716 554 1368 1166 1065 889 773 1324 932 740 820 700 843 1105 751 875 894 882 280 137 0 69 447 
1409 1262 1486 1374 1225 1039 964 884 802 742 1494 1428 1329 1164 1014 939 856 746 705 1569 1682 1575 1372 1268 1176 1077 974 818 710 685 1741 1539 1373 1269 1271 1132 940 792 646 1106 1130 2153 2369 2361 1989 2002 2324 2263 2174 2251 2028 1953 1900 1886 1820 1783 1675 1772 1674 1611 2532 2263 2053 1808 1855 2290 2064 1928 1723 1514 2276 2523 1442 1363 1283 1058 936 783 623 1436 1233 1130 954 833 1391 994 792 869 769 899 1174 797 924 946 894 350 207 69 0 514 
1021 896 1059 960 834 694 647 609 571 570 1028 982 888 744 623 590 525 474 509 1066 1193 1092 889 798 719 636 543 430 404 351 1249 1042 877 780 773 643 467 340 244 744 787 1779 1986 1966 1617 1610 1917 1836 1754 1847 1580 1535 1498 1442 1387 1372 1254 1326 1232 1179 2062 1790 1579 1325 1386 1812 1583 1446 1332 1111 1892 2049 932 853 776 545 422 272 110 921 719 625 448 371 878 512 416 508 277 465 659 479 555 549 832 191 312 447 514 0 
716 655 597 597 709 554 651 586 615 554 
716 651 543 543 684 547 651 547 630 673 
658 594 612 579 558 604 705 601 687 680 
576 691 622 644 568 612 658 687 666 565 
709 673 684 716 676 648 550 615 662 640 
572 612 702 651 658 540 543 644 608 691 
612 648 673 694 572 709 597 698 680 550 
550 676 684 694 673 651 630 687 547 583 
615 586 655 601 698 594 608 705 698 680 
684 590 615 637 572 648 630 630 633 597 
651 648 554 615 630 691 554 550 666 565 
594 561 619 709 630 601 590 702 586 568 
669 550 626 565 651 658 680 568 579 601 
626 691 716 640 594 630 619 619 648 565 
651 702 597 550 691 687 612 568 676 666 
597 626 680 691 658 619 637 619 655 676 
691 561 655 687 669 540 604 572 619 712 
604 558 702 662 568 680 640 644 709 597 
590 594 694 558 565 633 644 666 543 579 
630 702 608 576 669 561 583 565 601 669 
565 666 687 550 619 716 691 540 648 684 
604 709 558 579 554 594 684 662 540 694 
709 637 676 601 673 626 622 543 658 684 
673 687 637 640 705 543 648 676 550 576 
648 619 572 669 666 590 550 637 540 558 
612 709 655 568 590 619 666 673 622 604 
644 579 579 572 680 565 576 608 705 597 
655 640 676 687 597 630 565 608 550 565 
626 630 558 565 662 608 651 608 572 554 
680 684 594 543 543 565 568 583 640 561 
640 576 666 604 554 543 702 579 615 540 
608 702 633 633 554 583 702 666 651 561 
684 612 716 565 622 540 597 655 590 702 
684 691 565 630 583 586 644 576 637 540 
576 705 709 676 626 554 540 615 680 651 
640 651 554 644 687 637 644 565 579 698 
554 547 676 590 644 550 644 568 586 561 
576 630 554 576 590 640 590 590 540 550 
712 648 673 554 572 640 658 676 673 702 
662 698 716 622 568 640 640 673 680 687 
705 716 604 540 572 655 644 622 716 644 
644 709 572 597 550 612 705 669 568 658 
658 702 637 655 612 673 586 712 637 547 
687 622 550 572 630 586 691 554 676 694 
666 608 691 705 673 702 597 658 651 637 
608 594 619 712 716 691 676 583 684 594 
590 651 684 612 691 594 658 669 619 622 
644 565 702 615 554 655 604 619 604 547 
716 680 608 615 680 604 594 637 658 558 
698 716 676 662 608 658 547 554 608 626 
640 716 658 622 619 680 565 694 583 630 
702 586 597 590 673 561 662 547 658 601 
576 648 601 540 597 669 658 604 687 550 
698 615 554 640 705 640 601 558 615 644 
658 604 694 716 662 655 558 608 662 687 
676 698 615 565 709 680 698 648 568 673 
666 554 576 680 655 568 612 540 586 687 
651 705 583 633 705 705 568 550 601 702 
698 561 687 601 586 676 572 572 608 608 
712 561 622 568 712 561 597 604 568 655 
579 687 640 622 604 633 612 640 648 673 
622 633 702 594 705 572 550 558 612 626 
626 608 658 709 637 651 558 705 716 586 
640 576 565 568 669 630 666 568 550 594 
709 644 687 694 698 673 554 716 698 626 
633 604 702 572 604 630 691 622 615 687 
680 543 550 705 572 687 622 698 716 640 
579 709 572 550 684 550 691 705 558 680 
619 658 565 604 698 637 694 669 550 597 
644 691 601 655 684 640 626 594 622 630 
702 662 619 558 680 590 576 662 576 594 
622 666 540 655 550 698 576 705 655 586 
583 579 565 651 698 716 572 612 597 662 
702 579 615 612 597 583 669 637 705 716 
698 615 662 702 561 673 687 597 666 626 
651 716 673 684 648 651 687 687 550 565 
633 543 604 709 622 673 579 572 590 576 
568 576 651 698 565 673 658 716 558 604 
630 676 601 583 640 716 705 608 687 543 
640 608 554 709 604 637 662 644 680 540 
680 716 576 622 698 604 583 637 608 612 
705 705 568 594 576 680 601 561 576 568 
576 680 644 590 676 709 691 626 640 651 
626 604 648 669 694 633 561 558 554 637 
637 547 630 669 608 669 637 669 698 673 
698 554 633 622 608 597 619 586 684 543 
705 597 615 640 558 590 558 579 615 579 
687 716 586 597 673 655 554 590 615 716 
543 594 558 648 687 633 705 594 680 673 
597 673 550 680 597 568 558 622 619 637 
669 594 640 543 658 594 658 676 644 561 
680 655 619 698 583 594 615 572 655 583 
705 543 540 543 684 604 583 705 694 669 
630 644 550 550 648 669 604 594 633 716 
619 594 651 705 576 698 586 651 558 702 
694 550 705 702 554 680 586 604 666 568 
561 576 673 572 594 601 705 658 658 619 
662 565 676 594 550 540 572 597 658 590 
579 640 608 576 626 626 716 680 698 662 
712 543 705 666 576 579 558 568 705 684 
53 52 61 60 61 50 61 54 59 53 
4 4 4 4 4 4 4 4 4 4 
33 33 38 40 36 33 36 38 36 35 
16 17 17 15 17 16 15 17 18 18 
1 1 1 1 1 1 1 1 1 1 
5 5 5 6 5 5 5 5 6 5 
100 93 94 92 96 89 105 104 101 104 
108 104 109 92 111 103 92 103 95 106 
49 49 49 46 49 47 49 51 49 49 
1 1 1 1 1 1 1 1 1 1 
42 50 41 41 50 41 47 41 47 50 
27 23 25 24 24 27 25 26 25 23 
27 30 27 31 27 30 26 26 26 27 
340 319 304 352 331 310 355 310 319 334 
53 55 60 59 59 64 58 54 61 53 
1 1 1 1 1 1 1 1 1 1 
80 92 90 83 88 98 85 83 80 90 
135 122 138 123 139 125 121 123 128 140 
1 1 1 1 1 1 1 1 1 1 
1 1 1 1 1 1 1 1 1 1 
16 15 15 15 16 18 16 17 15 18 
13 13 13 12 12 13 13 13 14 14 
66 66 65 65 66 73 70 66 72 64 
39 37 39 41 39 35 41 36 41 43 
139 150 150 162 157 162 150 147 140 150 
1 1 1 1 1 1 1 1 1 1 
181 185 209 204 176 190 209 207 198 202 
73 70 62 64 67 71 61 73 61 63 
1 1 1 1 1 1 1 1 1 1 
22 21 23 22 25 23 24 25 23 22 
9 8 9 9 9 8 8 9 8 9 
21 20 18 21 21 18 21 18 18 21 
38 38 43 43 39 42 39 37 40 35 
19 18 18 19 17 17 21 19 20 18 
22 26 26 22 25 25 24 24 26 24 
65 64 73 64 64 67 62 73 71 72 
65 70 66 72 79 66 76 78 75 73 
56 65 58 54 55 55 64 61 63 63 
39 40 40 48 42 42 44 45 42 42 
1 1 1 1 1 1 1 1 1 1 
1 1 1 1 1 1 1 1 1 1 
5 5 5 5 5 5 5 6 6 5 
126 131 118 121 123 117 142 121 139 133 
37 30 34 33 36 34 30 36 33 33 
108 98 114 103 118 100 111 101 98 111 
74 67 63 62 72 67 64 72 72 62 
88 94 84 80 85 83 93 89 80 82 
9 9 8 9 9 8 9 8 8 8 
193 210 218 200 214 208 227 229 200 220 
4 4 4 4 4 4 4 4 4 4 
778 706 719 660 673 712 712 667 797 791 
65 78 66 74 65 74 65 78 70 69 
25 24 22 22 26 22 26 24 25 23 
302 319 325 331 331 336 291 285 348 283 
183 153 150 153 184 159 183 154 157 166 
172 183 188 179 185 183 185 180 165 175 
20 23 20 23 22 24 22 22 24 22 
11 12 11 11 12 11 12 12 11 10 
14 13 16 14 13 15 13 15 15 14 
3 3 3 3 3 3 3 3 3 3 
20 23 20 23 21 20 21 21 20 19 
515 523 497 523 457 501 515 488 483 492 
54 66 57 58 62 63 55 56 62 59 
29 25 28 25 25 25 28 28 28 30 
25 22 24 22 26 25 26 24 22 22 
13 14 14 14 15 16 13 15 13 15 
20 19 19 22 19 20 23 22 23 22 
30 31 31 28 27 32 28 27 30 30 
105 111 91 90 101 109 91 108 107 99 
126 108 115 105 107 120 111 108 117 109 
86 76 74 86 86 81 86 75 86 82 
3 3 3 3 3 3 3 3 3 3 
1 1 1 1 1 1 1 1 1 1 
51 56 47 52 53 55 47 50 57 57 
28 34 31 31 33 29 33 32 28 33 
172 176 192 171 163 188 168 177 160 174 
1 1 1 1 1 1 1 1 1 1 
69 71 71 78 66 69 67 79 66 70 
180 170 180 173 180 186 162 155 168 162 
1 1 1 1 1 1 1 1 1 1 
65 71 70 73 69 71 62 73 70 63 
106 114 119 102 103 113 125 110 117 111 
57 49 50 56 60 56 57 57 54 50 
52 51 52 49 49 48 47 50 46 44 
1 1 1 1 1 1 1 1 1 1 
58 58 59 49 54 58 57 51 54 51 
30 30 27 29 28 31 32 31 30 28 
7 6 7 6 6 6 6 6 6 6 
53 60 53 53 50 49 52 60 53 60 
28 32 31 29 28 33 27 27 31 31 
21 22 19 20 20 20 22 22 23 22 
34 35 39 38 38 40 39 33 40 34 
1 1 1 1 1 1 1 1 1 1 
1 1 1 1 1 1 1 1 1 1 
45 39 39 43 45 37 44 43 38 44 
49 51 49 50 60 56 55 56 54 51 
66 65 58 66 60 64 58 61 66 59 
33 36 35 36 35 35 36 34 33 30 
13 13 13 13 14 13 12 12 12 13 
38 34 37 41 34 41 40 37 37 39 
0 0 0 0 0 0 1 0 0 0 
0 1 0 1 0 0 0 0 1 0 
1 1 1 0 1 1 0 1 1 0 
1 0 0 0 0 0 1 1 0 0 
0 0 0 1 0 0 0 1 0 0 
0 1 1 0 1 1 1 0 0 1 
0 0 0 0 0 0 0 1 1 1 
0 1 0 1 1 1 1 0 0 0 
1 0 1 1 1 1 1 1 1 1 
1 1 1 1 1 1 0 0 0 1 
0 0 0 1 0 1 1 0 0 0 
1 0 0 0 0 0 0 0 1 1 
0 0 0 0 0 1 0 1 0 0 
0 0 0 0 0 0 1 0 0 0 
0 0 1 0 1 1 0 1 1 1 
1 1 1 0 1 1 1 1 1 1 
0 1 1 1 1 1 0 0 1 1 
1 1 0 1 0 0 0 0 1 1 
1 0 0 1 1 0 1 0 1 1 
0 0 0 0 0 1 0 0 0 0 
0 0 1 0 0 0 0 0 0 0 
0 1 0 0 0 0 1 1 0 0 
0 1 1 0 1 1 1 1 1 1 
0 0 1 1 0 0 1 1 0 1 
1 0 0 0 0 1 0 1 1 1 
1 1 1 1 1 1 1 1 1 1 
0 0 1 0 1 1 1 0 0 1 
1 1 1 1 1 1 1 1 1 1 
0 0 0 0 0 1 0 0 0 0 
1 1 0 0 1 1 1 1 1 0 
1 1 0 1 0 0 1 0 0 0 
1 1 1 1 1 1 1 1 1 1 
1 0 0 0 1 1 1 1 0 1 
0 0 1 1 0 0 1 1 0 0 
1 1 1 1 1 0 1 1 1 0 
1 1 0 1 0 0 1 0 1 0 
1 0 0 0 1 1 0 0 0 0 
1 0 0 0 0 0 0 1 1 0 
0 1 1 1 1 1 0 0 1 0 
1 0 1 1 1 1 1 1 0 1 
0 0 0 0 0 0 0 0 1 0 
1 1 1 1 1 1 1 1 1 1 
1 0 1 0 1 1 0 1 1 0 
0 0 0 0 0 0 0 0 1 0 
1 0 0 0 1 0 0 0 0 0 
1 1 0 1 1 1 1 1 1 1 
0 1 0 1 1 0 1 0 0 0 
1 1 1 1 1 1 1 1 1 1 
1 1 1 1 1 0 1 1 1 1 
0 1 0 1 0 1 1 0 1 1 
1 0 1 1 1 0 0 0 1 1 
0 0 0 1 1 0 1 0 0 1 
1 0 1 0 0 1 0 1 0 0 
1 0 1 0 1 1 1 1 1 0 
0 1 0 0 0 0 0 0 0 1 
0 0 1 1 1 0 0 1 0 1 
1 0 0 0 0 0 1 0 0 1 
1 0 0 0 0 0 0 0 0 1 
0 1 0 0 1 1 0 1 0 0 
0 0 0 0 1 0 0 0 0 0 
0 0 0 1 0 1 0 0 0 0 
1 1 0 1 1 1 1 1 1 0 
1 1 0 1 1 1 1 1 1 0 
1 0 0 0 0 0 0 0 0 1 
1 1 1 1 1 1 1 1 1 1 
0 0 1 1 1 0 0 1 1 1 
1 0 1 1 0 1 1 1 1 1 
1 1 0 0 1 1 0 1 1 1 
0 0 1 1 1 1 1 1 1 1 
1 0 0 0 0 1 0 0 0 0 
1 1 1 1 0 1 1 1 1 0 
1 1 1 1 1 1 1 1 1 1 
0 0 0 1 1 0 0 0 1 1 
1 1 1 1 1 1 1 1 1 0 
1 0 0 0 0 0 0 0 1 0 
0 0 0 1 1 1 0 0 1 1 
0 0 0 0 1 1 1 1 1 1 
1 1 0 1 1 0 0 0 0 1 
0 0 1 0 1 0 1 0 0 0 
1 1 1 0 1 0 0 1 1 0 
1 0 0 0 1 1 0 1 0 0 
1 1 0 1 1 1 1 1 1 1 
0 1 0 0 0 0 0 0 0 0 
0 0 0 0 0 0 0 0 0 1 
1 1 1 1 1 0 1 1 1 1 
1 0 1 0 0 1 0 1 1 1 
1 0 1 1 1 0 1 1 0 1 
0 0 0 0 1 1 0 1 0 1 
1 1 1 1 1 1 1 1 1 1 
0 0 0 0 0 1 0 0 0 0 
0 1 0 0 1 1 0 0 1 0 
1 0 0 0 1 1 0 1 1 0 
0 0 1 0 0 0 0 0 0 0 
1 0 1 1 1 0 1 0 1 1 
0 1 0 0 0 0 1 1 0 0 
1 1 1 1 1 1 1 1 1 1 
0 1 1 1 1 0 1 1 1 1 
0 0 1 0 0 0 1 0 0 0 
0 0 0 0 0 0 0 1 0 0 
0 0 0 0 1 0 1 0 1 0 
0 0 0 0 1 0 1 0 0 0 
1 0 1 0 0 0 1 0 0 0 
0 1 0 0 1 1 0 0 1 1 
1 0 0 0 0 0 1 0 1 1 
1 1 0 0 1 0 1 0 0 0 
1 0 0 1 1 1 1 1 1 0 
1 0 1 1 0 1 1 1 0 1 
0 1 0 0 0 0 0 0 1 0 
1 1 1 1 0 0 1 0 1 0 
0 0 1 1 1 1 0 0 1 0 
0 1 0 0 1 1 1 0 0 1 
1 1 1 1 0 1 1 1 1 1 
0 0 0 1 1 1 1 1 0 1 
1 1 0 0 1 1 1 1 1 1 
1 1 1 1 1 1 1 1 1 1 
0 0 0 0 0 0 0 0 0 0 
0 1 0 0 1 1 1 0 1 0 
1 1 1 1 1 1 1 1 1 1 
1 1 1 1 1 1 1 1 1 1 
1 1 1 0 1 1 1 1 1 1 
0 1 1 1 1 1 1 1 1 1 
1 0 1 0 1 1 1 0 1 0 
1 0 1 1 0 1 1 1 1 1 
0 0 0 1 1 0 0 1 0 1 
1 1 1 1 1 1 1 1 1 1 
0 0 1 1 0 0 0 1 0 1 
1 1 1 1 1 1 1 1 1 1 
1 0 1 1 1 1 0 1 0 0 
0 0 0 0 0 0 0 0 0 0 
0 0 1 0 1 1 1 0 0 0 
1 1 0 0 1 0 0 0 0 0 
1 1 1 1 1 0 1 1 1 1 
1 1 1 1 1 1 1 1 1 1 
1 1 0 0 1 1 1 1 1 1 
0 0 0 0 0 0 0 0 0 0 
1 1 1 1 1 1 1 1 1 1 
1 1 1 1 1 1 1 1 1 1 
1 1 1 1 1 1 1 1 1 1 
0 1 0 0 1 1 0 0 1 0 
0 1 1 1 1 0 1 0 0 1 
0 0 0 0 1 1 1 0 0 0 
0 0 0 1 1 1 1 1 1 0 
1 1 0 1 1 0 0 1 1 1 
0 1 0 0 1 0 0 0 0 1 
1 1 0 0 0 1 0 0 0 1 
1 1 1 1 0 1 1 1 1 1 
0 1 0 0 0 1 1 0 0 1 
1 1 1 1 1 1 1 1 1 1 
1 1 1 1 0 0 1 1 1 0 
1 1 1 1 1 0 1 1 0 0 
0 0 0 0 0 1 1 0 0 0 
1 0 1 1 0 0 1 0 1 0 
0 0 0 0 0 0 0 0 0 0 
1 0 0 0 0 1 0 0 0 0 
0 0 1 0 0 0 0 1 0 0 
0 0 0 0 1 0 0 0 0 0 
1 1 1 1 0 1 1 1 1 0 
1 1 1 0 1 1 0 1 0 1 
0 0 0 0 0 0 0 0 0 0 
1 1 1 0 1 0 0 1 1 1 
1 0 1 1 1 1 1 1 1 1 
0 0 0 0 0 1 0 1 0 0 
1 0 0 0 0 1 1 0 1 1 
1 1 1 1 1 1 0 1 1 1 
1 0 0 0 0 0 0 0 0 0 
0 0 0 0 0 0 0 0 0 0 
1 1 0 1 0 0 0 0 0 1 
0 0 0 0 1 1 1 0 0 0 
1 1 1 1 1 0 0 0 0 0 
1 1 1 1 0 1 1 0 1 1 
1 1 0 1 1 1 1 1 1 0 
0 0 0 1 0 1 1 1 1 0 
1 1 1 1 0 1 0 1 1 0 
0 0 0 0 0 0 0 0 0 1 
1 0 0 0 0 0 0 0 0 0 
1 1 1 0 1 0 1 1 1 0 
0 0 0 0 1 1 1 0 0 0 
1 1 1 1 1 1 1 1 1 1 
0 0 0 0 0 0 0 0 0 0 
1 0 0 1 1 0 0 0 0 0 
0 0 0 0 0 0 0 0 0 0 
0 0 0 0 0 0 0 0 0 0 
1 0 0 0 0 0 0 0 1 1 
0 0 1 0 1 1 0 0 1 1 
1 0 1 1 1 1 1 1 1 1 
0 0 1 0 1 0 0 1 1 1 
1 1 0 1 0 1 1 1 1 1 
0 0 0 0 0 0 1 0 0 0 
0 0 0 0 0 0 0 0 0 0 
0 0 1 1 1 0 0 0 0 0 
0 0 1 0 0 0 0 0 0 0 
0 1 1 1 0 1 1 0 0 0 
1 1 0 0 0 1 0 1 1 0 
1 1 1 0 1 1 1 0 1 1 
1 1 1 0 1 1 1 1 1 1 
0 0 1 1 0 0 0 1 1 0 
0 0 0 1 0 0 1 0 0 0 
1 1 0 1 1 1 1 1 1 1 
1 0 1 1 1 1 1 1 0 1 
0 0 0 0 1 1 0 0 1 0 
0.3
0.3
0.3
0.3
0.3
0.3
0.3
0.3
0.3
0.3
