45 4 4
0 44 22 30 34 33 31 36 13 29 46 11 26 23 43 17 29 43 34 33 37 29 36 39 47 20 29 45 26 38 29 36 31 33 51 31 33 29 29 38 28 38 30 25 35 
44 0 32 40 20 21 24 33 38 36 33 36 30 24 10 34 38 25 25 18 36 24 30 29 32 45 21 30 32 21 32 38 22 34 42 22 36 38 41 10 36 30 37 34 32 
22 32 0 29 12 43 41 18 35 40 33 33 44 45 41 32 27 34 48 47 37 44 29 35 52 28 43 28 39 30 38 39 32 45 45 34 21 36 34 40 44 38 18 40 33 
30 40 29 0 41 26 34 11 32 11 35 28 31 24 37 30 36 39 33 30 16 16 23 32 25 31 41 20 13 23 35 38 25 34 41 40 35 29 39 30 38 26 41 27 29 
34 20 12 41 0 31 43 30 40 39 41 36 43 44 30 20 39 33 45 38 45 42 35 23 47 27 31 40 45 33 26 41 36 48 42 22 21 32 34 28 38 45 17 37 32 
33 21 43 26 31 0 45 37 41 15 40 33 40 29 31 16 40 42 40 39 29 25 28 23 16 42 22 35 18 28 34 40 38 39 43 43 37 28 38 11 41 31 32 36 37 
31 24 41 34 43 45 0 24 18 39 36 41 28 32 14 38 14 36 39 21 33 34 31 34 36 38 35 14 29 24 31 17 22 29 46 26 22 29 35 34 31 16 35 28 20 
36 33 18 11 30 37 24 0 23 22 24 39 32 34 26 30 30 28 30 32 27 26 34 21 34 20 40 10 24 12 24 35 14 27 52 38 35 18 28 29 28 20 30 24 24 
13 38 35 32 40 41 18 23 0 42 42 23 36 29 30 30 32 43 37 20 34 16 35 43 40 33 41 32 38 35 36 35 29 41 38 18 38 30 25 30 15 30 37 38 34 
29 36 40 11 39 15 39 22 42 0 46 37 36 25 46 19 25 35 36 41 27 27 34 25 31 42 32 31 24 34 37 37 36 32 30 45 46 31 41 26 39 37 35 38 37 
46 33 33 35 41 40 36 24 42 46 0 35 35 34 29 45 31 31 30 22 33 30 33 22 46 36 40 22 23 12 27 35 17 27 51 41 38 40 30 29 31 34 39 25 24 
11 36 33 28 36 33 41 39 23 37 35 0 15 12 40 28 36 42 23 38 26 33 25 40 36 31 18 35 15 36 18 26 28 24 47 41 34 36 26 29 26 27 29 26 24 
26 30 44 31 43 40 28 32 36 36 35 15 0 11 35 26 23 27 11 24 15 35 32 28 36 24 23 29 22 23 26 11 31 23 38 45 24 21 11 31 21 12 26 14 11 
23 24 45 24 44 29 32 34 29 25 34 12 11 0 32 37 34 34 11 26 22 33 21 34 42 35 30 30 11 24 23 22 20 12 38 38 35 31 22 20 14 23 27 25 12 
43 10 41 37 30 31 14 26 30 46 29 40 35 32 0 40 28 26 35 28 30 25 20 39 22 41 31 20 30 30 22 31 12 43 32 12 33 39 36 20 26 30 31 38 25 
17 34 32 30 20 16 38 30 30 19 45 28 26 37 40 0 24 26 28 37 41 26 44 39 31 26 13 35 34 41 18 31 28 43 43 35 35 12 22 24 32 25 16 34 31 
29 38 27 36 39 40 14 30 32 25 31 36 23 34 28 24 0 50 28 35 36 46 22 25 37 38 30 20 32 30 27 12 36 24 55 39 36 36 34 41 44 30 38 23 23 
43 25 34 39 33 42 36 28 43 35 31 42 27 34 26 26 50 0 38 41 42 27 44 46 47 26 29 38 45 40 24 38 14 46 43 27 27 38 38 35 28 39 16 38 31 
34 25 48 33 45 40 39 30 37 36 30 23 11 11 35 28 28 38 0 35 26 39 25 28 31 35 34 28 22 18 34 22 26 23 27 42 35 32 22 31 22 23 37 25 22 
33 18 47 30 38 39 21 32 20 41 22 38 24 26 28 37 35 41 35 0 27 14 35 36 30 34 39 32 25 26 34 25 27 37 53 38 43 25 35 28 27 12 29 36 14 
37 36 37 16 45 29 33 27 34 27 33 26 15 22 30 41 36 42 26 27 0 32 21 32 39 38 37 31 11 25 39 24 36 32 31 38 39 32 26 26 36 24 28 29 13 
29 24 44 16 42 25 34 26 16 27 30 33 35 33 25 26 46 27 39 14 32 0 39 27 39 46 25 29 29 28 20 35 13 43 45 34 34 14 24 14 27 26 42 36 28 
36 30 29 23 35 28 31 34 35 34 33 25 32 21 20 44 22 44 25 35 21 39 0 38 42 45 43 40 10 43 40 34 30 31 37 17 38 32 42 32 35 23 36 45 33 
39 29 35 32 23 23 34 21 43 25 22 40 28 34 39 39 25 46 28 36 32 27 38 0 39 33 38 20 34 10 30 25 35 25 40 44 43 30 35 27 45 40 36 14 22 
47 32 52 25 47 16 36 34 40 31 46 36 36 42 22 31 37 47 31 30 39 39 42 39 0 44 18 24 34 34 34 25 34 37 54 34 46 25 35 27 45 38 47 36 36 
20 45 28 31 27 42 38 20 33 42 36 31 24 35 41 26 38 26 35 34 38 46 45 33 44 0 39 30 35 24 41 26 34 36 37 29 48 35 35 35 37 22 10 32 25 
29 21 43 41 31 22 35 40 41 32 40 18 23 30 31 13 30 29 34 39 37 25 43 38 18 39 0 35 33 28 31 18 38 30 43 43 37 25 34 11 40 35 29 29 29 
45 30 28 20 40 35 14 10 32 31 22 35 29 30 20 35 20 38 28 32 31 29 40 20 24 30 35 0 33 10 17 28 24 25 46 32 36 28 34 24 38 30 33 23 18 
26 32 39 13 45 18 29 24 38 24 23 15 22 11 30 34 32 45 22 25 11 29 10 34 34 35 33 33 0 35 33 33 31 21 42 27 46 26 33 22 25 13 38 36 23 
38 21 30 23 33 28 24 12 35 34 12 36 23 24 30 41 30 40 18 26 25 28 43 10 34 24 28 10 35 0 27 23 26 15 42 42 43 30 34 17 38 32 27 13 12 
29 32 38 35 26 34 31 24 36 37 27 18 26 23 22 18 27 24 34 34 39 20 40 30 34 41 31 17 33 27 0 15 10 27 29 34 30 27 17 34 24 38 34 16 26 
36 38 39 38 41 40 17 35 35 37 35 26 11 22 31 31 12 38 22 25 24 35 34 25 25 26 18 28 33 23 15 0 25 12 44 43 35 27 22 29 32 23 26 11 11 
31 22 32 25 36 38 22 14 29 36 17 28 31 20 12 28 36 14 26 27 36 13 30 35 34 34 38 24 31 26 10 25 0 32 39 24 21 27 24 27 14 29 30 26 23 
33 34 45 34 48 39 29 27 41 32 27 24 23 12 43 43 24 46 23 37 32 43 31 25 37 36 30 25 21 15 27 12 32 0 50 32 47 31 34 32 26 34 38 23 23 
51 42 45 41 42 43 46 52 38 30 51 47 38 38 32 43 55 43 27 53 31 45 37 40 54 37 43 46 42 42 29 44 39 50 0 20 37 39 29 32 39 50 27 40 42 
31 22 34 40 22 43 26 38 18 45 41 41 45 38 12 35 39 27 42 38 38 34 17 44 34 29 43 32 27 42 34 43 24 32 20 0 43 39 43 32 33 40 19 40 34 
33 36 21 35 21 37 22 35 38 46 38 34 24 35 33 35 36 27 35 43 39 34 38 43 46 48 37 36 46 43 30 35 21 47 37 43 0 23 13 26 23 33 38 32 35 
29 38 36 29 32 28 29 18 30 31 40 36 21 31 39 12 36 38 32 25 32 14 32 30 25 35 25 28 26 30 27 27 27 31 39 39 23 0 10 28 20 13 28 31 19 
29 41 34 39 34 38 35 28 25 41 30 26 11 22 36 22 34 38 22 35 26 24 42 35 35 35 34 34 33 34 17 22 24 34 29 43 13 10 0 38 10 23 37 21 22 
38 10 40 30 28 11 34 29 30 26 29 29 31 20 20 24 41 35 31 28 26 14 32 27 27 35 11 24 22 17 34 29 27 32 32 32 26 28 38 0 30 35 36 30 26 
28 36 44 38 38 41 31 28 15 39 31 26 21 14 26 32 44 28 22 27 36 27 35 45 45 37 40 38 25 38 24 32 14 26 39 33 23 20 10 30 0 15 30 31 26 
38 30 38 26 45 31 16 20 30 37 34 27 12 23 30 25 30 39 23 12 24 26 23 40 38 22 35 30 13 32 38 23 29 34 50 40 33 13 23 35 15 0 32 26 23 
30 37 18 41 17 32 35 30 37 35 39 29 26 27 31 16 38 16 37 29 28 42 36 36 47 10 29 33 38 27 34 26 30 38 27 19 38 28 37 36 30 32 0 22 15 
25 34 40 27 37 36 28 24 38 38 25 26 14 25 38 34 23 38 25 36 29 36 45 14 36 32 29 23 36 13 16 11 26 23 40 40 32 31 21 30 31 26 22 0 22 
35 32 33 29 32 37 20 24 34 37 24 24 11 12 25 31 23 31 22 14 13 28 33 22 36 25 29 18 23 12 26 11 23 23 42 34 35 19 22 26 26 23 15 22 0 
35 44 38 35 
40 38 43 40 
38 35 42 37 
43 43 42 34 
39 40 42 36 
34 38 35 35 
36 41 44 40 
37 41 44 39 
36 37 36 41 
40 44 40 38 
37 38 43 41 
41 43 40 42 
43 35 33 34 
35 43 37 42 
39 44 40 34 
38 37 44 39 
33 34 39 35 
40 41 44 40 
41 36 37 36 
36 41 39 38 
37 43 40 33 
37 43 34 34 
33 44 42 38 
34 40 34 37 
37 42 42 43 
33 44 38 40 
42 35 39 44 
43 34 35 40 
43 39 41 44 
43 44 37 36 
36 35 43 35 
43 37 36 40 
35 36 43 37 
40 34 37 38 
43 36 38 33 
42 40 42 35 
37 42 42 40 
41 35 38 44 
43 38 34 38 
42 36 34 39 
38 35 36 38 
42 43 38 43 
37 41 39 43 
36 42 43 42 
33 35 38 44 
1 1 1 1 
1 1 1 1 
1 1 1 1 
1 1 1 1 
1 1 1 1 
1 1 1 1 
1 1 1 1 
1 1 1 1 
1 1 1 1 
1 1 1 1 
1 1 1 1 
1 1 1 1 
1 1 1 1 
1 1 1 1 
1 1 1 1 
1 1 1 1 
1 1 1 1 
1 1 1 1 
1 1 1 1 
1 1 1 1 
1 1 1 1 
1 1 1 1 
1 1 1 1 
1 1 1 1 
1 1 1 1 
1 1 1 1 
1 1 1 1 
1 1 1 1 
1 1 1 1 
1 1 1 1 
1 1 1 1 
1 1 1 1 
1 1 1 1 
1 1 1 1 
1 1 1 1 
1 1 1 1 
1 1 1 1 
1 1 1 1 
1 1 1 1 
1 1 1 1 
1 1 1 1 
1 1 1 1 
1 1 1 1 
1 1 1 1 
1 1 1 1 
1 1 1 1 
1 0 1 1 
1 0 1 1 
0 1 1 0 
1 1 1 1 
1 1 1 1 
1 0 1 1 
1 1 0 1 
0 0 1 1 
1 1 0 1 
0 1 1 1 
0 1 1 1 
1 0 1 1 
0 1 0 0 
1 0 1 0 
0 1 1 0 
0 1 1 1 
1 1 1 0 
0 1 1 0 
0 0 1 0 
1 1 1 1 
1 0 0 0 
1 1 0 1 
1 0 1 1 
1 1 0 1 
0 0 0 1 
0 0 0 1 
1 0 0 1 
0 0 1 0 
1 1 1 1 
1 0 0 0 
0 1 1 1 
0 1 1 0 
1 1 0 0 
0 1 1 1 
1 1 1 1 
1 1 1 1 
1 1 1 0 
1 1 1 1 
0 1 0 0 
0 0 0 1 
0 0 1 1 
1 1 1 1 
0 0 1 1 
0 1 1 1 
1 0 0 1 
0 0 1 0 
0 1 1 1 
1 0 0 1 
0 0 1 0 
0 0 0 0 
1 1 1 1 
1 1 1 0 
1 0 1 0 
0 1 1 0 
0 1 0 1 
1 0 0 0 
0 0 0 0 
1 1 1 1 
1 0 1 0 
1 0 1 1 
0 0 0 0 
1 1 1 1 
1 1 1 1 
0 0 0 0 
1 0 0 0 
1 1 1 1 
1 0 1 0 
1 1 1 1 
0 0 0 1 
0 0 0 1 
0 1 1 1 
1 0 0 0 
1 1 0 0 
1 1 1 0 
1 0 0 0 
0 0 0 0 
1 1 1 1 
0 0 0 0 
0 1 1 1 
0 0 0 0 
1 1 1 1 
1 0 1 1 
0 0 1 0 
1 1 1 1 
1 1 1 1 
1 0 1 1 
1 0 1 1 
0 1 1 1 
0 0 0 0 
0.27
0.26
0.17
0.16
