50 5 10
0 32 20 33 21 31 27 16 27 43 26 35 35 37 41 30 18 27 29 49 37 43 22 39 45 28 38 38 41 31 26 29 40 22 32 27 37 30 19 43 27 34 33 31 35 14 35 17 28 35 
32 0 31 41 31 21 36 45 34 32 44 44 49 50 25 29 34 34 33 59 43 51 27 42 52 30 39 44 25 37 36 43 33 45 39 45 15 35 41 38 52 39 41 35 38 18 37 35 38 46 
20 31 0 36 33 34 15 26 37 43 36 27 22 28 41 37 28 37 33 34 31 31 33 43 29 10 40 42 29 36 40 23 46 34 33 25 25 10 34 32 32 37 16 33 30 27 48 30 38 15 
33 41 36 0 12 28 29 26 19 35 37 25 33 26 47 41 29 15 35 40 36 29 28 25 37 37 29 27 17 25 20 24 34 32 29 31 27 40 40 12 38 30 34 41 30 23 38 38 30 21 
21 31 33 12 0 40 18 29 31 38 39 37 21 38 40 30 39 27 46 28 47 34 27 37 42 31 17 39 26 37 32 36 46 25 41 43 16 33 40 24 48 36 44 45 38 35 26 36 38 33 
31 21 34 28 40 0 35 24 23 28 33 23 38 30 30 18 13 13 37 42 31 39 26 44 40 37 32 33 35 26 21 24 12 24 28 31 32 24 30 39 39 28 20 20 37 39 16 34 23 41 
27 36 15 29 18 35 0 11 35 49 21 32 20 20 43 22 27 22 30 46 39 16 35 35 38 25 35 34 14 30 30 31 41 19 34 31 24 25 34 17 46 35 28 33 22 29 37 41 24 30 
16 45 26 26 29 24 11 0 26 42 20 21 31 28 32 33 16 11 40 39 41 27 24 46 44 36 30 36 25 29 34 27 34 20 39 20 35 34 33 28 37 26 17 22 33 30 40 30 26 30 
27 34 37 19 31 23 35 26 0 16 24 38 15 33 43 34 10 34 36 32 33 22 28 43 18 34 48 30 33 22 28 21 35 39 37 29 39 28 22 31 34 30 31 33 36 41 28 19 20 28 
43 32 43 35 38 28 49 42 16 0 40 28 31 33 34 43 26 38 33 38 49 38 44 27 34 33 54 45 35 38 44 37 36 43 40 40 45 44 31 35 43 46 47 44 30 43 12 30 36 44 
26 44 36 37 39 33 21 20 24 40 0 34 29 11 44 15 34 28 36 39 32 37 35 26 30 44 38 16 35 43 28 37 40 40 27 33 29 46 27 30 32 36 27 34 34 40 49 43 26 24 
35 44 27 25 37 23 32 21 38 28 34 0 40 27 30 28 31 10 35 38 36 35 23 45 52 25 29 18 32 38 36 20 35 41 29 30 30 37 16 28 28 25 30 36 35 48 35 22 26 20 
35 49 22 33 21 38 20 31 15 31 29 40 0 18 46 32 25 30 46 43 36 36 27 54 33 32 38 35 34 37 43 36 50 34 46 39 37 32 37 37 28 15 38 48 21 49 43 32 27 31 
37 50 28 26 38 30 20 28 33 33 11 27 18 0 33 26 43 17 43 28 29 32 24 36 41 38 28 26 34 39 39 44 42 35 37 23 39 38 32 37 28 32 34 43 23 35 45 33 35 13 
41 25 41 47 40 30 43 32 43 34 44 30 46 33 0 44 33 32 38 34 36 50 19 48 48 33 23 28 43 34 51 44 42 27 27 33 34 37 32 40 44 31 34 10 37 34 22 40 30 43 
30 29 37 41 30 18 22 33 34 43 15 28 32 26 44 0 31 31 44 34 17 38 25 41 45 29 26 24 24 40 32 39 30 41 27 29 14 42 12 37 24 34 38 34 37 42 34 34 22 31 
18 34 28 29 39 13 27 16 10 26 34 31 25 43 33 31 0 26 26 42 33 26 21 36 28 24 42 20 23 13 18 11 25 36 31 32 33 18 20 26 32 22 21 23 31 32 29 29 10 38 
27 34 37 15 27 13 22 11 34 38 28 10 30 17 32 31 26 0 32 45 33 38 13 40 50 35 19 28 22 28 34 30 25 31 39 31 28 31 26 27 26 15 28 33 35 38 29 27 24 30 
29 33 33 35 46 37 30 40 36 33 36 35 46 43 38 44 26 32 0 40 35 18 19 10 39 23 51 40 43 34 33 15 39 39 35 36 34 32 36 28 25 31 25 37 46 15 21 39 30 31 
49 59 34 40 28 42 46 39 32 38 39 38 43 28 34 34 42 45 40 0 39 36 45 50 14 43 38 31 49 30 43 32 42 51 36 33 44 33 41 32 29 42 22 24 38 49 34 43 41 41 
37 43 31 36 47 31 39 41 33 49 32 36 36 29 36 17 33 33 35 39 0 37 33 45 47 35 43 22 41 44 33 22 19 44 33 26 31 41 20 48 10 21 32 31 31 25 43 36 30 16 
43 51 31 29 34 39 16 27 22 38 37 35 36 32 50 38 26 38 18 36 37 0 37 28 22 28 51 36 30 39 44 15 39 35 25 36 40 38 32 33 43 42 25 42 38 33 28 32 30 28 
22 27 33 28 27 26 35 24 28 44 35 23 27 24 19 25 21 13 19 45 33 37 0 29 46 23 32 21 24 15 37 32 35 22 32 36 15 37 21 21 25 12 41 21 32 34 40 35 11 37 
39 42 43 25 37 44 35 46 43 27 26 45 54 36 48 41 36 40 10 50 45 28 29 0 49 33 51 40 33 31 43 25 45 49 29 46 27 42 44 18 35 41 35 46 46 25 28 46 40 41 
45 52 29 37 42 40 38 44 18 34 30 52 33 41 48 45 28 50 39 14 47 22 46 49 0 29 52 44 35 40 42 37 28 37 44 46 44 19 40 46 43 48 36 38 24 36 46 37 38 39 
28 30 10 37 31 37 25 36 34 33 44 25 32 38 33 29 24 35 23 43 35 28 23 33 29 0 39 41 25 26 41 13 37 44 40 30 15 17 41 38 42 35 23 23 38 34 38 20 34 25 
38 39 40 29 17 32 35 30 48 54 38 29 38 28 23 26 42 19 51 38 43 51 32 51 52 39 0 44 34 29 49 37 44 42 50 38 24 44 38 41 45 34 27 33 47 48 43 44 43 41 
38 44 42 27 39 33 34 36 30 45 16 18 35 26 28 24 20 28 40 31 22 36 21 40 44 41 44 0 23 33 38 31 24 43 11 17 33 38 20 28 32 20 28 18 31 43 33 27 10 27 
41 25 29 17 26 35 14 25 33 35 35 32 34 34 43 24 23 22 43 49 41 30 24 33 35 25 34 23 0 36 16 34 30 26 28 38 10 39 23 29 35 25 42 41 13 34 23 30 13 28 
31 37 36 25 37 26 30 29 22 38 43 38 37 39 34 40 13 28 34 30 44 39 15 31 40 26 29 33 36 0 31 24 38 37 23 44 30 31 33 13 40 27 34 32 44 19 42 41 23 46 
26 36 40 20 32 21 30 34 28 44 28 36 43 39 51 32 18 34 33 43 33 44 37 43 42 41 49 38 16 31 0 29 14 42 30 27 26 30 20 32 32 40 38 41 29 18 37 37 28 37 
29 43 23 24 36 24 31 27 21 37 37 20 36 44 44 39 11 30 15 32 22 15 32 25 37 13 37 31 34 24 29 0 24 47 40 21 28 29 31 36 32 33 10 34 42 30 36 31 21 31 
40 33 46 34 46 12 41 34 35 36 40 35 50 42 42 30 25 25 39 42 19 39 35 45 28 37 44 24 30 38 14 24 0 36 16 37 40 36 31 33 29 40 32 32 43 32 24 42 34 35 
22 45 34 32 25 24 19 20 39 43 40 41 34 35 27 41 36 31 39 51 44 35 22 49 37 44 42 43 26 37 42 47 36 0 52 38 36 44 41 36 42 34 37 37 13 36 40 30 33 28 
32 39 33 29 41 28 34 39 37 40 27 29 46 37 27 27 31 39 35 36 33 25 32 29 44 40 50 11 28 23 30 40 16 52 0 21 38 43 15 17 24 31 32 17 41 42 40 31 21 31 
27 45 25 31 43 31 31 20 29 40 33 30 39 23 33 29 32 31 36 33 26 36 36 46 46 30 38 17 38 44 27 21 37 38 21 0 30 35 17 38 27 24 11 23 25 41 28 10 27 10 
37 15 25 27 16 32 24 35 39 45 29 30 37 39 34 14 33 28 34 44 31 40 15 27 44 15 24 33 10 30 26 28 40 36 38 30 0 32 26 23 38 27 38 36 23 31 33 20 23 38 
30 35 10 40 33 24 25 34 28 44 46 37 32 38 37 42 18 31 32 33 41 38 37 42 19 17 44 38 39 31 30 29 36 44 43 35 32 0 38 42 42 40 24 27 40 17 40 37 28 25 
19 41 34 40 40 30 34 33 22 31 27 16 37 32 32 12 20 26 36 41 20 32 21 44 40 41 38 20 23 33 20 31 31 41 15 17 26 38 0 32 12 22 28 22 30 33 43 27 10 19 
43 38 32 12 24 39 17 28 31 35 30 28 37 37 40 37 26 27 28 32 48 33 21 18 46 38 41 28 29 13 32 36 33 36 17 38 23 42 32 0 41 33 45 34 39 32 46 43 32 33 
27 52 32 38 48 39 46 37 34 43 32 28 28 28 44 24 32 26 25 29 10 43 25 35 43 42 45 32 35 40 32 32 29 42 24 27 38 42 12 41 0 13 38 34 29 35 42 37 22 17 
34 39 37 30 36 28 35 26 30 46 36 25 15 32 31 34 22 15 31 42 21 42 12 41 48 35 34 20 25 27 40 33 40 34 31 24 27 40 22 33 13 0 35 33 33 45 44 34 12 30 
33 41 16 34 44 20 28 17 31 47 27 30 38 34 34 38 21 28 25 22 32 25 41 35 36 23 27 28 42 34 38 10 32 37 32 11 38 24 28 45 38 35 0 24 36 40 36 21 31 21 
31 35 33 41 45 20 33 22 33 44 34 36 48 43 10 34 23 33 37 24 31 42 21 46 38 23 33 18 41 32 41 34 32 37 17 23 36 27 22 34 34 33 24 0 47 43 32 33 28 33 
35 38 30 30 38 37 22 33 36 30 34 35 21 23 37 37 31 35 46 38 31 38 32 46 24 38 47 31 13 44 29 42 43 13 41 25 23 40 30 39 29 33 36 47 0 47 36 35 21 15 
14 18 27 23 35 39 29 30 41 43 40 48 49 35 34 42 32 38 15 49 25 33 34 25 36 34 48 43 34 19 18 30 32 36 42 41 31 17 33 32 35 45 40 43 47 0 31 31 33 41 
35 37 48 38 26 16 37 40 28 12 49 35 43 45 22 34 29 29 21 34 43 28 40 28 46 38 43 33 23 42 37 36 24 40 40 28 33 40 43 46 42 44 36 32 36 31 0 18 36 38 
17 35 30 38 36 34 41 30 19 30 43 22 32 33 40 34 29 27 39 43 36 32 35 46 37 20 44 27 30 41 37 31 42 30 31 10 20 37 27 43 37 34 21 33 35 31 18 0 37 20 
28 38 38 30 38 23 24 26 20 36 26 26 27 35 30 22 10 24 30 41 30 30 11 40 38 34 43 10 13 23 28 21 34 33 21 27 23 28 10 32 22 12 31 28 21 33 36 37 0 29 
35 46 15 21 33 41 30 30 28 44 24 20 31 13 43 31 38 30 31 41 16 28 37 41 39 25 41 27 28 46 37 31 35 28 31 10 38 25 19 33 17 30 21 33 15 41 38 20 29 0 
37 42 49 48 48 44 37 48 48 40 
45 43 37 39 42 46 40 42 45 39 
42 46 39 41 38 38 41 41 46 41 
49 44 40 40 47 45 43 40 44 43 
46 45 37 44 49 44 39 48 41 37 
40 44 46 39 45 37 39 40 38 47 
42 43 38 44 49 38 40 39 47 40 
42 42 46 44 43 42 47 38 37 48 
48 42 43 40 44 41 44 40 48 42 
44 46 44 47 49 44 41 43 47 39 
44 44 42 39 49 38 44 44 47 49 
42 41 46 41 42 47 45 49 42 49 
40 37 42 44 49 40 44 44 40 46 
39 39 42 44 42 43 44 48 38 44 
38 48 42 43 38 40 45 42 45 46 
42 42 40 46 42 44 41 48 44 43 
44 46 40 46 41 46 45 43 46 38 
39 49 41 48 46 45 43 49 48 45 
41 41 40 45 38 41 38 47 46 47 
39 40 40 40 38 45 46 37 46 41 
46 47 37 46 37 48 49 38 44 45 
41 46 38 47 44 43 47 43 48 38 
42 47 42 43 41 40 39 45 44 42 
37 45 48 43 39 40 45 46 42 39 
43 49 39 40 49 37 41 49 49 48 
45 40 47 38 42 46 46 40 40 43 
48 46 47 42 47 42 47 40 40 39 
48 48 43 42 40 41 46 47 49 42 
45 46 44 48 44 39 38 39 46 38 
42 49 46 49 41 39 47 37 45 46 
49 46 43 43 40 45 40 37 38 48 
46 38 39 45 45 45 48 41 40 46 
46 39 46 42 45 40 39 39 47 41 
42 41 49 42 41 44 43 48 45 45 
46 45 43 46 48 48 38 45 45 39 
46 41 45 45 39 38 48 40 37 37 
48 48 46 38 43 48 43 40 47 45 
44 42 40 44 38 45 41 45 40 48 
44 38 38 40 45 40 38 37 41 40 
41 38 43 40 48 46 42 48 47 48 
47 38 48 42 42 40 41 45 45 49 
39 43 47 42 40 40 41 44 48 48 
42 40 39 45 49 39 40 37 37 41 
38 41 38 49 41 46 42 48 38 41 
44 39 45 41 38 38 44 44 38 39 
38 46 43 44 46 49 44 49 47 38 
46 48 44 46 49 46 41 45 44 40 
40 41 45 45 43 40 47 42 48 45 
38 45 45 38 41 46 40 45 39 46 
45 47 39 46 40 47 38 44 44 40 
1 1 1 1 1 1 1 1 1 1 
1 1 1 1 1 1 1 1 1 1 
1 1 1 1 1 1 1 1 1 1 
1 1 1 1 1 1 1 1 1 1 
1 1 1 1 1 1 1 1 1 1 
1 1 1 1 1 1 1 1 1 1 
1 1 1 1 1 1 1 1 1 1 
1 1 1 1 1 1 1 1 1 1 
1 1 1 1 1 1 1 1 1 1 
1 1 1 1 1 1 1 1 1 1 
1 1 1 1 1 1 1 1 1 1 
1 1 1 1 1 1 1 1 1 1 
1 1 1 1 1 1 1 1 1 1 
1 1 1 1 1 1 1 1 1 1 
1 1 1 1 1 1 1 1 1 1 
1 1 1 1 1 1 1 1 1 1 
1 1 1 1 1 1 1 1 1 1 
1 1 1 1 1 1 1 1 1 1 
1 1 1 1 1 1 1 1 1 1 
1 1 1 1 1 1 1 1 1 1 
1 1 1 1 1 1 1 1 1 1 
1 1 1 1 1 1 1 1 1 1 
1 1 1 1 1 1 1 1 1 1 
1 1 1 1 1 1 1 1 1 1 
1 1 1 1 1 1 1 1 1 1 
1 1 1 1 1 1 1 1 1 1 
1 1 1 1 1 1 1 1 1 1 
1 1 1 1 1 1 1 1 1 1 
1 1 1 1 1 1 1 1 1 1 
1 1 1 1 1 1 1 1 1 1 
1 1 1 1 1 1 1 1 1 1 
1 1 1 1 1 1 1 1 1 1 
1 1 1 1 1 1 1 1 1 1 
1 1 1 1 1 1 1 1 1 1 
1 1 1 1 1 1 1 1 1 1 
1 1 1 1 1 1 1 1 1 1 
1 1 1 1 1 1 1 1 1 1 
1 1 1 1 1 1 1 1 1 1 
1 1 1 1 1 1 1 1 1 1 
1 1 1 1 1 1 1 1 1 1 
1 1 1 1 1 1 1 1 1 1 
1 1 1 1 1 1 1 1 1 1 
1 1 1 1 1 1 1 1 1 1 
1 1 1 1 1 1 1 1 1 1 
1 1 1 1 1 1 1 1 1 1 
1 1 1 1 1 1 1 1 1 1 
1 1 1 1 1 1 1 1 1 1 
1 1 1 1 1 1 1 1 1 1 
1 1 1 1 1 1 1 1 1 1 
1 1 1 1 1 1 1 1 1 1 
1 1 1 1 1 1 1 1 1 1 
1 0 0 0 0 0 0 0 1 0 
0 1 0 1 0 0 0 0 1 0 
0 1 0 0 0 0 0 0 0 0 
1 1 1 1 1 1 1 1 1 1 
0 0 0 0 1 0 0 0 0 0 
1 1 1 1 1 1 1 1 1 1 
0 1 0 0 0 1 0 0 0 0 
0 1 0 0 1 0 0 0 0 0 
1 1 1 1 1 1 1 1 1 1 
1 1 0 1 1 1 1 1 0 0 
1 0 0 0 0 1 0 0 1 1 
1 1 1 1 1 1 1 1 1 1 
1 1 1 0 0 1 0 0 0 0 
1 1 1 1 1 1 1 1 1 1 
0 1 0 1 1 1 1 1 0 1 
1 1 1 0 1 1 1 1 1 1 
1 0 0 0 0 0 0 0 0 0 
1 0 0 0 0 0 0 1 0 1 
1 0 0 0 0 0 0 0 0 0 
1 1 0 1 0 0 0 0 0 1 
1 1 0 1 1 1 1 1 1 0 
1 1 1 1 1 1 1 1 1 1 
1 1 1 1 1 1 1 1 0 0 
1 1 1 1 0 1 1 0 1 1 
0 1 0 1 1 1 1 1 1 1 
0 0 0 0 1 0 0 0 0 0 
0 1 1 0 0 0 1 0 1 0 
0 1 1 1 1 0 1 0 0 1 
0 1 0 0 1 0 1 1 1 0 
1 1 1 0 0 1 0 0 1 0 
1 1 1 1 0 1 1 1 1 1 
0 1 1 1 1 1 0 1 1 1 
1 1 0 1 1 1 0 1 1 1 
1 0 1 1 1 1 0 1 1 1 
0 0 0 0 1 0 0 0 0 1 
1 0 1 0 1 0 1 1 1 0 
1 0 1 1 1 1 1 1 1 0 
0 0 1 1 0 0 1 1 1 0 
0 1 1 0 1 1 1 1 0 1 
0 0 0 0 0 0 1 1 0 0 
1 0 1 1 1 0 1 0 1 0 
0 0 1 0 0 0 0 0 0 0 
1 0 1 1 1 1 1 1 1 1 
1 1 1 1 1 0 1 0 1 0 
0 0 0 1 1 0 0 0 0 1 
0 0 0 0 0 1 1 1 0 1 
1 1 1 1 1 0 1 1 0 1 
1 1 1 1 1 1 0 1 0 1 
1 1 0 0 0 0 0 0 0 0 
0 0 0 0 0 0 0 0 0 0 
0 0 0 0 0 0 0 1 0 1 
0 0 0 0 0 0 0 0 0 0 
1 1 0 1 1 0 1 1 1 1 
1 1 1 1 1 1 1 1 1 1 
0 0 0 0 0 0 0 0 0 0 
1 0 1 1 0 1 1 1 1 1 
0 0 0 0 0 0 0 0 0 0 
1 1 0 0 0 1 0 1 1 0 
1 1 1 1 1 1 1 1 1 1 
1 0 1 1 1 0 1 0 0 1 
1 1 1 1 1 1 0 1 1 1 
1 0 0 0 0 0 0 0 0 0 
0 0 1 0 0 0 0 0 0 1 
0 0 0 0 0 0 0 0 0 0 
0 1 1 1 1 1 1 1 0 1 
1 0 0 1 1 1 0 0 1 0 
0 0 1 0 0 0 0 0 1 0 
0 0 0 1 0 1 1 0 0 0 
1 1 1 1 0 0 0 1 1 0 
1 1 1 1 1 1 1 1 1 1 
0 0 0 1 0 1 0 0 0 0 
1 0 1 1 0 0 0 1 0 1 
0 0 1 1 1 0 1 0 0 0 
1 1 0 0 1 1 1 1 1 1 
0 0 0 0 0 1 0 0 0 0 
1 0 0 0 0 0 0 1 0 0 
0 0 0 1 0 0 1 1 1 0 
1 1 1 1 1 1 1 1 1 1 
1 0 1 0 1 1 0 1 1 1 
1 0 1 0 0 1 0 1 0 0 
1 1 1 1 0 1 0 1 1 1 
0 0 0 0 0 0 0 0 0 1 
0 1 1 1 1 0 0 0 1 1 
0 0 0 1 0 0 0 0 0 0 
1 0 0 1 0 1 1 0 1 0 
0 0 0 0 0 1 0 1 0 0 
0 0 0 0 0 0 0 0 0 0 
0 0 0 0 0 0 0 0 0 0 
1 0 1 1 1 0 1 0 1 0 
0 0 1 0 0 1 0 0 0 0 
0 0 1 1 0 0 0 0 0 0 
0 0 0 0 0 0 0 0 0 0 
0 1 1 1 1 1 1 1 0 1 
1 1 0 1 1 0 1 1 1 0 
0 0 0 1 0 0 0 1 0 0 
1 1 1 1 1 1 1 1 1 1 
1 1 0 1 0 0 0 0 1 1 
0 1 0 0 1 0 1 0 0 0 
1 1 1 1 1 1 1 1 1 1 
0.22
0.14
0.15
0.07
0.28
0.25
0.04
0.21
0.05
0.12
