40 8 4
0 25 35 40 44 37 42 43 35 23 35 35 30 43 11 32 14 42 39 33 48 25 41 41 23 36 22 15 35 25 32 21 44 34 35 38 35 28 25 28 
25 0 41 44 39 37 42 29 26 25 34 38 36 29 14 27 32 27 34 40 44 35 38 27 20 11 42 21 38 28 27 34 26 31 48 51 38 14 31 14 
35 41 0 45 24 26 32 49 24 39 46 46 19 35 38 32 31 33 45 47 36 31 33 30 36 39 47 20 45 35 36 21 51 42 35 46 41 40 30 33 
40 44 45 0 35 31 36 36 41 45 24 13 35 34 33 36 36 27 31 24 33 38 36 22 24 37 21 25 17 19 21 39 38 21 39 23 29 45 30 35 
44 39 24 35 0 49 38 52 31 21 22 22 31 48 33 27 46 17 21 39 34 40 38 36 36 38 35 42 41 34 47 38 53 31 33 44 31 41 32 40 
37 37 26 31 49 0 31 57 24 37 35 44 37 32 33 22 28 32 34 46 32 25 11 20 21 26 30 22 44 34 10 33 27 32 38 42 24 42 32 25 
42 42 32 36 38 31 0 46 46 33 38 46 20 48 31 35 39 25 17 29 42 48 34 38 32 31 36 35 27 17 21 32 38 27 44 33 27 37 28 47 
43 29 49 36 52 57 46 0 55 50 49 38 45 30 43 35 46 35 32 41 27 33 46 42 49 40 46 35 19 29 47 35 39 42 49 37 39 15 38 42 
35 26 24 41 31 24 46 55 0 48 31 42 35 39 36 24 31 34 30 48 34 37 13 27 24 15 32 20 46 36 30 35 30 20 49 44 26 40 30 33 
23 25 39 45 21 37 33 50 48 0 38 36 32 44 12 33 37 38 34 38 54 44 44 47 24 36 40 37 36 26 35 39 50 35 53 56 36 39 37 39 
35 34 46 24 22 35 38 49 31 38 0 11 40 30 26 22 38 32 21 46 33 35 32 35 14 41 13 31 30 35 25 29 38 11 43 25 25 40 41 24 
35 38 46 13 22 44 46 38 42 36 11 0 45 41 24 33 39 39 32 37 44 46 38 33 25 49 24 38 19 29 34 40 49 22 47 36 36 47 38 35 
30 36 19 35 31 37 20 45 35 32 40 45 0 32 25 24 26 14 36 28 31 36 34 20 32 35 39 15 26 16 37 35 46 37 43 41 26 35 25 28 
43 29 35 34 48 32 48 30 39 44 30 41 32 0 32 35 44 45 32 44 47 48 26 12 20 38 43 33 42 32 27 35 39 31 36 40 22 15 23 25 
11 14 38 33 33 33 31 43 36 12 26 24 25 32 0 21 25 31 33 26 42 32 32 35 12 25 28 26 24 14 23 27 40 23 41 44 24 28 25 27 
32 27 32 36 27 22 35 35 24 33 22 33 24 35 21 0 37 10 21 35 27 13 11 25 26 31 15 26 33 23 28 11 43 31 25 31 24 20 34 13 
14 32 31 36 46 28 39 46 31 37 38 39 26 44 25 37 0 40 25 44 50 39 35 37 24 34 25 11 40 32 18 34 30 33 46 41 35 31 21 24 
42 27 33 27 17 32 25 35 34 38 32 39 14 45 31 10 40 0 31 29 17 23 21 34 36 21 25 29 27 17 37 21 36 39 29 27 25 30 28 23 
39 34 45 31 21 34 17 32 30 34 21 32 36 32 33 21 25 31 0 32 32 34 23 21 21 42 19 32 30 20 32 32 44 10 46 35 10 20 31 34 
33 40 47 24 39 46 29 41 48 38 46 37 28 44 26 35 44 29 32 0 16 24 35 33 38 34 42 33 22 12 43 29 36 35 15 26 22 39 23 46 
48 44 36 33 34 32 42 27 34 54 33 44 31 47 42 27 50 17 32 16 0 40 21 35 33 35 26 40 38 28 37 38 20 22 31 10 34 42 39 35 
25 35 31 38 40 25 48 33 37 44 35 46 36 48 32 13 39 23 34 24 40 0 24 38 39 44 28 39 46 36 35 24 30 42 38 44 37 33 47 26 
41 38 33 36 38 11 34 46 13 44 32 38 34 26 32 11 35 21 23 35 21 24 0 14 28 28 19 28 33 23 17 22 34 33 36 31 13 31 34 24 
41 27 30 22 36 20 38 42 27 47 35 33 20 12 35 25 37 34 21 33 35 38 14 0 23 26 33 26 31 21 25 33 41 31 47 28 11 27 32 13 
23 20 36 24 36 21 32 49 24 24 14 25 32 20 12 26 24 36 21 38 33 39 28 23 0 27 27 17 36 26 11 15 28 11 29 37 31 34 27 15 
36 11 39 37 38 26 31 40 15 36 41 49 35 38 25 31 34 21 42 34 35 44 28 26 27 0 46 32 32 22 16 37 15 35 44 45 32 25 33 25 
22 42 47 21 35 30 36 46 32 40 13 24 39 43 28 15 25 25 19 42 26 28 19 33 27 46 0 36 27 37 32 26 36 24 39 16 29 31 46 28 
15 21 20 25 42 22 35 35 20 37 31 38 15 33 26 26 11 29 32 33 40 39 28 26 17 32 36 0 29 21 28 32 31 22 46 30 31 20 10 13 
35 38 45 17 41 44 27 19 46 36 30 19 26 42 24 33 40 27 30 22 38 46 33 31 36 32 27 29 0 10 38 44 40 38 37 40 20 34 19 42 
25 28 35 19 34 34 17 29 36 26 35 29 16 32 14 23 32 17 20 12 28 36 23 21 26 22 37 21 10 0 37 34 32 30 27 30 10 30 11 34 
32 27 36 21 47 10 21 47 30 35 25 34 37 27 23 28 18 37 32 43 37 35 17 25 11 16 32 28 38 37 0 26 17 22 28 40 30 32 38 26 
21 34 21 39 38 33 32 35 35 39 29 40 35 35 27 11 34 21 32 29 38 24 22 33 15 37 26 32 44 34 26 0 43 26 14 37 31 31 42 20 
44 26 51 38 53 27 38 39 30 50 38 49 46 39 40 43 30 36 44 36 20 30 34 41 28 15 36 31 40 32 17 43 0 39 45 30 42 24 21 40 
34 31 42 21 31 32 27 42 20 35 11 22 37 31 23 31 33 39 10 35 22 42 33 31 11 35 24 22 38 30 22 26 39 0 40 26 20 30 32 26 
35 48 35 39 33 38 44 49 49 53 43 47 43 36 41 25 46 29 46 15 31 38 36 47 29 44 39 46 37 27 28 14 45 40 0 23 37 45 38 34 
38 51 46 23 44 42 33 37 44 56 25 36 41 40 44 31 41 27 35 26 10 44 31 28 37 45 16 30 40 30 40 37 30 26 23 0 39 43 40 41 
35 38 41 29 31 24 27 39 26 36 25 36 26 22 24 24 35 25 10 22 34 37 13 11 31 32 29 31 20 10 30 31 42 20 37 39 0 30 21 24 
28 14 40 45 41 42 37 15 40 39 40 47 35 15 28 20 31 30 20 39 42 33 31 27 34 25 31 20 34 30 32 31 24 30 45 43 30 0 30 27 
25 31 30 30 32 32 28 38 30 37 41 38 25 23 25 34 21 28 31 23 39 47 34 32 27 33 46 10 19 11 38 42 21 32 38 40 21 30 0 23 
28 14 33 35 40 25 47 42 33 39 24 35 28 25 27 13 24 23 34 46 35 26 24 13 15 25 28 13 42 34 26 20 40 26 34 41 24 27 23 0 
31 39 34 31 
36 34 38 35 
34 31 38 33 
38 38 37 30 
35 35 38 32 
30 33 31 31 
32 36 39 35 
33 37 39 35 
32 33 32 36 
35 39 35 34 
33 34 38 37 
37 39 35 38 
38 31 30 30 
31 38 33 38 
34 39 36 30 
34 33 39 34 
30 30 35 31 
35 36 39 36 
37 32 33 32 
32 37 35 33 
33 38 35 30 
33 39 31 30 
30 39 37 34 
31 36 30 33 
33 37 37 38 
30 39 34 35 
37 31 35 39 
38 30 31 36 
39 35 37 39 
38 39 33 32 
32 31 38 31 
39 33 32 36 
31 32 38 33 
36 30 33 34 
39 32 34 30 
38 36 37 31 
33 38 38 35 
37 31 34 39 
39 33 30 34 
37 32 31 35 
1 1 1 1 
1 1 1 1 
1 1 1 1 
1 1 1 1 
1 1 1 1 
1 1 1 1 
1 1 1 1 
1 1 1 1 
1 1 1 1 
1 1 1 1 
1 1 1 1 
1 1 1 1 
1 1 1 1 
1 1 1 1 
1 1 1 1 
1 1 1 1 
1 1 1 1 
1 1 1 1 
1 1 1 1 
1 1 1 1 
1 1 1 1 
1 1 1 1 
1 1 1 1 
1 1 1 1 
1 1 1 1 
1 1 1 1 
1 1 1 1 
1 1 1 1 
1 1 1 1 
1 1 1 1 
1 1 1 1 
1 1 1 1 
1 1 1 1 
1 1 1 1 
1 1 1 1 
1 1 1 1 
1 1 1 1 
1 1 1 1 
1 1 1 1 
1 1 1 1 
1 1 1 1 
1 0 1 1 
1 1 1 1 
0 1 0 0 
1 1 1 1 
0 1 0 0 
1 1 1 1 
1 0 1 1 
1 0 1 1 
0 1 1 0 
1 1 1 1 
1 1 1 1 
1 0 1 1 
1 1 0 1 
0 0 1 1 
1 1 0 1 
0 1 1 1 
0 1 1 1 
1 0 1 1 
0 1 0 0 
1 0 1 0 
0 1 1 0 
0 1 1 1 
1 1 1 0 
0 1 1 0 
0 0 1 0 
1 1 1 1 
1 0 0 0 
1 1 0 1 
1 0 1 1 
1 1 0 1 
0 0 0 1 
0 0 0 1 
1 0 0 1 
0 0 1 0 
1 1 1 1 
1 0 0 0 
0 1 1 1 
0 1 1 0 
1 1 0 0 
0 1 1 1 
0 0 0 0 
0 0 0 0 
1 1 1 1 
1 1 1 1 
1 1 1 0 
1 1 1 1 
0 1 0 0 
0 0 0 1 
0 0 1 1 
1 1 1 1 
0 0 0 0 
0 0 1 1 
0 1 1 1 
1 0 0 1 
0 0 1 0 
0 1 1 1 
1 0 0 1 
0 0 1 0 
0 0 0 0 
1 1 1 1 
1 1 1 0 
1 0 1 0 
0 1 1 0 
0 1 0 1 
1 0 0 0 
0 0 0 0 
1 1 1 1 
1 0 1 0 
1 0 1 1 
0 0 0 0 
1 1 1 1 
1 1 1 0 
0 0 0 0 
1 1 1 1 
1 1 1 1 
1 1 1 1 
1 0 1 0 
0 0 0 1 
0 0 0 1 
0.04
0.09
0.07
0.1
