45 15 9
0 11 15 34 22 27 21 34 31 23 38 20 41 34 38 35 15 31 12 23 28 25 17 32 25 23 37 37 24 35 17 28 38 39 10 21 28 33 32 22 26 22 30 37 35 
11 0 15 26 23 38 25 30 21 28 39 31 38 45 27 46 26 42 23 34 29 28 28 34 22 34 42 39 18 45 28 39 40 45 21 10 28 44 34 32 28 33 39 39 24 
15 15 0 32 37 28 15 44 25 34 33 35 26 31 38 33 24 42 27 22 26 19 32 25 37 38 33 38 24 30 32 35 25 39 24 25 13 40 38 17 33 34 24 36 39 
34 26 32 0 12 22 21 26 11 14 26 35 21 38 12 30 35 39 23 38 26 13 36 39 37 28 19 25 23 35 45 20 26 34 25 25 26 26 28 35 33 13 15 17 35 
22 23 37 12 0 27 30 38 23 22 38 42 33 50 24 42 23 44 11 33 29 25 39 34 25 22 31 37 23 37 39 32 38 22 27 13 34 35 33 39 33 22 27 29 27 
27 38 28 22 27 0 34 40 33 20 36 30 39 42 34 15 18 17 18 40 31 35 36 35 29 18 34 27 26 38 39 30 37 49 37 34 15 26 29 28 36 35 26 28 43 
21 25 15 21 30 34 0 38 10 30 38 37 27 35 33 22 31 47 19 24 36 14 35 39 28 30 28 23 24 36 38 33 23 40 11 25 19 34 41 23 34 23 25 35 39 
34 30 44 26 38 40 38 0 37 24 35 29 44 35 26 43 31 56 35 50 18 39 36 39 42 34 44 40 34 35 51 24 34 52 37 38 40 14 30 40 44 27 29 43 24 
31 21 25 11 23 33 10 37 0 25 37 46 17 45 23 32 41 50 29 34 37 24 45 43 38 39 29 18 27 46 38 31 33 45 21 31 29 37 36 33 37 24 26 28 34 
23 28 34 14 22 20 30 24 25 0 27 39 35 31 26 35 30 37 11 32 26 20 31 26 45 22 33 39 10 37 40 34 38 34 19 33 21 24 14 31 20 27 29 31 47 
38 39 33 26 38 36 38 35 37 27 0 27 22 12 34 25 30 31 29 31 17 24 30 38 41 18 10 26 34 29 37 29 27 27 28 41 29 29 13 16 32 16 28 12 30 
20 31 35 35 42 30 37 29 46 39 27 0 44 35 26 15 35 38 32 35 44 31 37 49 39 27 37 46 33 17 37 15 25 44 30 33 34 15 36 21 23 28 36 28 35 
41 38 26 21 33 39 27 44 17 35 22 44 0 33 33 39 49 48 39 44 39 20 42 43 43 30 12 28 30 42 42 29 19 29 31 45 24 32 35 37 37 19 30 26 32 
34 45 31 38 50 42 35 35 45 31 12 35 33 0 46 33 35 25 41 20 29 34 42 42 29 30 22 38 38 27 35 41 39 28 24 38 27 40 25 14 30 28 34 24 42 
38 27 38 12 24 34 33 26 23 26 34 26 33 46 0 35 37 35 27 44 25 25 43 42 29 16 31 37 35 43 37 28 25 46 31 17 25 36 27 34 43 25 14 22 31 
35 46 33 30 42 15 22 43 32 35 25 15 39 33 35 0 33 32 33 31 42 36 42 40 44 33 35 42 31 32 40 30 40 52 31 42 20 30 38 19 30 41 31 13 45 
15 26 24 35 23 18 31 31 41 30 30 35 49 35 37 33 0 35 27 25 13 35 31 34 37 36 40 45 36 34 32 43 35 45 25 36 33 43 25 21 37 30 24 42 46 
31 42 42 39 44 17 47 56 50 37 31 38 48 25 35 32 35 0 35 45 48 43 48 38 45 35 41 41 43 21 48 47 54 52 41 51 32 42 44 34 50 47 43 29 46 
12 23 27 23 11 18 19 35 29 11 29 32 39 41 27 33 27 35 0 22 26 22 29 23 36 11 36 42 12 26 29 23 33 33 22 24 23 31 22 34 22 31 22 40 38 
23 34 22 38 33 40 24 50 34 32 31 35 44 20 44 31 25 45 22 0 38 28 37 29 38 33 41 47 22 28 36 38 44 42 13 27 26 36 42 15 12 25 33 43 41 
28 29 26 26 29 31 36 18 37 26 17 44 39 29 25 42 13 48 26 38 0 22 18 21 24 23 27 38 23 44 36 32 22 35 31 36 22 32 12 31 30 33 11 29 33 
25 28 19 13 25 35 14 39 24 20 24 31 20 34 25 36 35 43 22 28 22 0 39 26 41 33 14 30 10 22 39 28 18 31 15 29 21 38 32 27 20 26 11 30 34 
17 28 32 36 39 36 35 36 45 31 30 37 42 42 43 42 31 48 29 37 18 39 0 39 42 28 40 54 29 49 34 40 40 51 24 38 40 36 17 36 39 23 29 29 45 
32 34 25 39 34 35 39 39 43 26 38 49 43 42 42 40 34 38 23 29 21 26 39 0 36 34 31 35 16 46 15 46 42 14 39 25 20 48 33 33 26 35 31 43 39 
25 22 37 37 25 29 28 42 38 45 41 39 43 29 29 44 37 45 36 38 24 41 42 36 0 36 41 41 40 25 21 24 24 47 26 12 41 41 36 28 44 28 35 41 26 
23 34 38 28 22 18 30 34 39 22 18 27 30 30 16 33 36 35 11 33 23 33 28 34 36 0 28 41 23 37 21 12 22 44 31 33 33 20 11 34 33 33 30 30 32 
37 42 33 19 31 34 28 44 29 33 10 37 12 22 31 35 40 41 36 41 27 14 40 31 41 28 0 16 24 36 36 27 17 17 29 34 35 39 23 26 34 26 25 22 20 
37 39 38 25 37 27 23 40 18 39 26 46 28 38 37 42 45 41 42 47 38 30 54 35 41 41 16 0 40 41 20 36 33 33 34 30 38 43 39 41 45 38 27 38 16 
24 18 24 23 23 26 24 34 27 10 34 33 30 38 35 31 36 43 12 22 23 10 29 16 40 23 24 40 0 32 31 35 28 30 25 28 11 32 24 24 10 19 21 34 41 
35 45 30 35 37 38 36 35 46 37 29 17 42 27 43 32 34 21 26 28 44 22 49 46 25 37 36 41 32 0 34 32 40 46 25 37 26 21 40 13 29 34 33 31 25 
17 28 32 45 39 39 38 51 38 40 37 37 42 35 37 40 32 48 29 36 36 39 34 15 21 21 36 20 31 34 0 33 43 29 27 33 34 41 32 21 25 35 41 49 28 
28 39 35 20 32 30 33 24 31 34 29 15 29 41 28 30 43 47 23 38 32 28 40 46 24 12 27 36 35 32 33 0 10 44 38 34 32 30 23 36 38 33 21 30 20 
38 40 25 26 38 37 23 34 33 38 27 25 19 39 25 40 35 54 33 44 22 18 40 42 24 22 17 33 28 40 43 10 0 34 31 31 22 40 32 31 38 38 11 31 17 
39 45 39 34 22 49 40 52 45 34 27 44 29 28 46 52 45 52 33 42 35 31 51 14 47 44 17 33 30 46 29 44 34 0 29 35 34 52 37 33 40 41 36 39 28 
10 21 24 25 27 37 11 37 21 19 28 30 31 24 31 31 25 41 22 13 31 15 24 39 26 31 29 34 25 25 27 38 31 29 0 14 25 23 33 12 25 12 20 40 28 
21 10 25 25 13 34 25 38 31 33 41 33 45 38 17 42 36 51 24 27 36 29 38 25 12 33 34 30 28 37 33 34 31 35 14 0 38 37 44 26 38 26 31 29 14 
28 28 13 26 34 15 19 40 29 21 29 34 24 27 25 20 33 32 23 26 22 21 40 20 41 33 35 38 11 26 34 32 22 34 25 38 0 34 32 13 21 21 11 23 39 
33 44 40 26 35 26 34 14 37 24 29 15 32 40 36 30 43 42 31 36 32 38 36 48 41 20 39 43 32 21 41 30 40 52 23 37 34 0 30 26 38 13 41 41 27 
32 34 38 28 33 29 41 30 36 14 13 36 35 25 27 38 25 44 22 42 12 32 17 33 36 11 23 39 24 40 32 23 32 37 33 44 32 30 0 27 34 26 21 25 43 
22 32 17 35 39 28 23 40 33 31 16 21 37 14 34 19 21 34 34 15 31 27 36 33 28 34 26 41 24 13 21 36 31 33 12 26 13 26 27 0 16 24 20 28 38 
26 28 33 33 33 36 34 44 37 20 32 23 37 30 43 30 37 50 22 12 30 20 39 26 44 33 34 45 10 29 25 38 38 40 25 38 21 38 34 16 0 25 29 35 47 
22 33 34 13 22 35 23 27 24 27 16 28 19 28 25 41 30 47 31 25 33 26 23 35 28 33 26 38 19 34 35 33 38 41 12 26 21 13 26 24 25 0 28 28 22 
30 39 24 15 27 26 25 29 26 29 28 36 30 34 14 31 24 43 22 33 11 11 29 31 35 30 25 27 21 33 41 21 11 36 20 31 11 41 21 20 29 28 0 20 28 
37 39 36 17 29 28 35 43 28 31 12 28 26 24 22 13 42 29 40 43 29 30 29 43 41 30 22 38 34 31 49 30 31 39 40 29 23 41 25 28 35 28 20 0 32 
35 24 39 35 27 43 39 24 34 47 30 35 32 42 31 45 46 46 38 41 33 34 45 39 26 32 20 16 41 25 28 20 17 28 28 14 39 27 43 38 47 22 28 32 0 
36 36 42 40 33 43 35 35 33 
41 40 43 42 39 41 34 35 36 
34 38 40 38 38 36 44 39 43 
34 35 40 34 42 36 35 38 40 
35 36 42 34 44 42 43 40 37 
41 39 41 35 37 41 42 41 33 
44 37 37 36 42 39 38 40 43 
41 39 41 40 38 40 44 38 42 
44 42 44 42 36 36 36 36 40 
33 40 38 36 40 33 33 35 34 
43 43 40 40 35 39 40 40 38 
41 40 34 38 38 35 37 42 33 
44 38 34 44 40 43 39 38 37 
44 40 37 42 34 40 33 36 42 
44 41 41 37 35 40 35 36 40 
44 34 42 40 38 40 33 43 38 
43 38 36 38 38 39 38 33 40 
43 44 38 38 43 36 43 36 39 
36 38 38 36 36 39 41 44 42 
38 36 43 40 38 40 37 37 38 
38 42 37 43 36 40 35 38 42 
34 41 42 40 38 34 36 37 44 
44 33 38 36 38 41 34 35 41 
37 34 36 39 42 34 35 41 43 
42 33 35 43 36 42 40 39 44 
43 41 36 39 41 44 38 36 41 
43 38 43 40 35 36 43 37 39 
38 44 33 38 44 43 43 40 33 
43 43 36 41 38 33 35 38 41 
36 38 40 35 38 41 35 37 34 
34 36 37 42 37 44 39 36 36 
42 40 39 36 39 39 41 41 33 
39 44 40 35 43 36 33 36 40 
41 35 41 33 35 36 34 42 38 
39 34 40 44 34 36 35 42 36 
38 37 42 39 38 38 42 34 33 
43 43 38 39 36 39 37 39 36 
43 38 40 41 40 42 44 40 37 
38 42 35 40 39 37 35 44 34 
40 39 42 44 38 36 42 37 37 
42 41 44 38 44 36 33 37 39 
44 36 40 40 36 41 35 35 37 
40 38 38 39 43 34 40 34 43 
38 39 34 36 40 38 40 41 37 
37 36 41 38 40 37 43 40 39 
1 1 1 1 1 1 1 1 1 
1 1 1 1 1 1 1 1 1 
1 1 1 1 1 1 1 1 1 
1 1 1 1 1 1 1 1 1 
1 1 1 1 1 1 1 1 1 
1 1 1 1 1 1 1 1 1 
1 1 1 1 1 1 1 1 1 
1 1 1 1 1 1 1 1 1 
1 1 1 1 1 1 1 1 1 
1 1 1 1 1 1 1 1 1 
1 1 1 1 1 1 1 1 1 
1 1 1 1 1 1 1 1 1 
1 1 1 1 1 1 1 1 1 
1 1 1 1 1 1 1 1 1 
1 1 1 1 1 1 1 1 1 
1 1 1 1 1 1 1 1 1 
1 1 1 1 1 1 1 1 1 
1 1 1 1 1 1 1 1 1 
1 1 1 1 1 1 1 1 1 
1 1 1 1 1 1 1 1 1 
1 1 1 1 1 1 1 1 1 
1 1 1 1 1 1 1 1 1 
1 1 1 1 1 1 1 1 1 
1 1 1 1 1 1 1 1 1 
1 1 1 1 1 1 1 1 1 
1 1 1 1 1 1 1 1 1 
1 1 1 1 1 1 1 1 1 
1 1 1 1 1 1 1 1 1 
1 1 1 1 1 1 1 1 1 
1 1 1 1 1 1 1 1 1 
1 1 1 1 1 1 1 1 1 
1 1 1 1 1 1 1 1 1 
1 1 1 1 1 1 1 1 1 
1 1 1 1 1 1 1 1 1 
1 1 1 1 1 1 1 1 1 
1 1 1 1 1 1 1 1 1 
1 1 1 1 1 1 1 1 1 
1 1 1 1 1 1 1 1 1 
1 1 1 1 1 1 1 1 1 
1 1 1 1 1 1 1 1 1 
1 1 1 1 1 1 1 1 1 
1 1 1 1 1 1 1 1 1 
1 1 1 1 1 1 1 1 1 
1 1 1 1 1 1 1 1 1 
1 1 1 1 1 1 1 1 1 
1 1 1 1 1 0 1 1 1 
1 1 0 0 1 1 1 1 1 
1 1 1 1 1 1 0 0 0 
1 1 1 1 1 1 1 1 1 
0 0 0 0 0 1 0 0 0 
1 0 1 0 1 0 0 0 0 
0 1 0 1 1 1 0 1 0 
0 0 0 0 0 0 0 1 0 
1 1 1 1 0 0 0 0 0 
0 1 0 1 1 0 0 1 1 
1 0 1 0 1 1 1 1 1 
1 0 1 0 0 0 0 0 0 
1 1 1 1 1 1 1 0 0 
1 1 1 1 1 1 1 1 1 
1 1 1 1 1 1 1 1 1 
1 1 0 1 0 1 0 1 1 
0 0 1 0 1 1 1 0 0 
0 0 0 0 1 0 0 0 1 
1 1 1 1 1 1 1 1 1 
1 1 0 1 0 1 1 1 0 
0 0 0 1 0 0 0 0 0 
0 0 0 0 0 0 1 0 0 
1 0 1 1 1 1 0 1 1 
0 0 0 1 0 0 1 0 0 
1 1 1 1 1 1 1 1 1 
1 1 0 1 1 0 0 1 1 
1 1 1 1 1 1 1 1 1 
0 1 1 1 1 0 0 0 0 
0 0 1 1 1 1 1 0 1 
1 1 1 1 0 0 1 1 1 
0 1 0 0 0 0 0 0 0 
0 0 0 0 0 1 0 0 0 
0 0 0 0 0 1 0 0 1 
1 0 0 0 1 0 1 0 0 
0 1 1 1 1 1 1 1 0 
0 1 1 1 1 0 0 1 1 
1 1 1 0 1 1 0 1 0 
1 1 0 1 1 1 1 1 1 
1 1 1 1 1 1 1 1 1 
1 1 1 1 1 1 1 1 1 
1 1 1 1 1 1 1 1 1 
0 1 0 1 0 1 0 1 1 
0 0 1 1 0 0 1 0 0 
0 0 0 0 1 0 0 0 0 
1 1 1 1 1 1 1 1 1 
0 0 0 0 0 0 0 0 1 
0 0 0 0 0 0 0 1 0 
1 1 1 1 1 1 1 1 1 
0 0 0 0 0 0 0 0 0 
0 0 1 0 0 1 1 1 1 
0 0 0 0 0 0 0 0 1 
1 1 1 1 1 1 1 1 1 
0 1 0 0 0 0 1 0 0 
1 1 1 1 1 1 1 1 1 
0 0 0 0 0 0 0 1 0 
0 0 1 0 0 1 1 0 0 
0 0 0 0 0 0 0 0 0 
1 0 0 0 1 0 0 0 0 
1 1 1 1 1 1 1 1 1 
1 0 0 0 0 0 0 0 1 
0 0 0 1 0 1 0 1 0 
0 0 0 0 0 0 0 0 0 
0 0 0 1 1 0 0 0 0 
1 1 1 1 1 1 1 1 1 
0 0 0 1 0 1 1 0 0 
1 1 1 1 1 1 1 1 1 
1 1 0 1 1 1 1 1 1 
0 0 0 0 0 0 0 0 0 
0 0 1 1 1 1 0 0 0 
1 1 1 1 1 1 1 1 1 
0 0 0 0 0 0 0 0 0 
1 1 1 1 1 1 0 1 1 
1 1 1 1 1 1 1 1 1 
0 0 0 0 0 0 0 0 1 
1 1 1 1 1 1 1 1 0 
1 1 0 1 1 1 0 1 1 
0 0 1 0 0 1 0 0 0 
1 1 1 1 1 1 1 1 1 
0 0 0 1 0 0 1 0 0 
0 1 1 0 1 0 0 1 1 
0 1 1 1 1 1 0 1 1 
0 0 0 0 0 0 0 0 0 
1 1 1 1 1 1 1 1 1 
1 1 0 1 0 0 0 0 1 
1 1 1 1 1 1 1 1 1 
1 0 1 1 1 1 0 1 0 
0 0 1 0 0 0 1 0 0 
0 0 0 1 0 0 0 0 0 
1 0 0 1 0 1 0 1 0 
0 1 1 1 0 1 1 0 1 
0.03
0.02
0.05
0.07
0.26
0.27
0.05
0.2
0.15
