100 10 20
0 52 116 120 108 125 126 122 80 86 92 129 127 133 80 95 120 40 84 80 86 80 132 121 84 87 84 84 127 81 125 136 126 136 94 126 84 84 42 83 43 43 137 140 95 44 138 124 84 130 153 132 116 88 85 90 126 135 88 90 131 127 82 96 90 138 140 132 138 131 129 100 136 166 126 87 121 91 95 132 135 139 130 98 135 54 146 135 136 98 136 98 96 100 83 58 138 98 142 113 
52 0 82 84 126 122 161 82 80 122 40 133 131 126 80 86 84 40 40 80 123 80 124 95 114 114 81 105 125 41 125 125 86 128 42 84 84 122 82 83 95 95 85 114 43 96 129 84 84 105 129 131 86 88 85 142 126 128 127 127 131 89 87 96 130 91 114 89 134 131 85 131 90 132 93 139 90 91 135 92 114 95 142 96 92 93 94 98 96 99 115 137 96 48 57 100 98 98 99 107 
116 82 0 86 108 88 100 82 122 94 122 86 133 131 122 134 134 82 122 94 99 89 48 100 48 41 82 90 94 41 89 127 93 100 94 90 90 124 90 102 159 85 91 43 125 154 100 131 126 90 94 86 45 130 127 132 100 94 87 132 87 47 130 88 89 100 138 97 140 131 135 95 141 50 101 138 90 99 140 127 93 101 135 100 95 139 140 98 96 137 104 95 98 110 98 58 140 99 153 132 
120 84 86 0 84 80 132 99 120 136 110 86 47 94 40 82 84 80 124 120 92 82 40 132 41 125 84 125 110 121 81 41 110 83 42 82 42 82 83 123 163 125 43 43 125 133 87 123 86 126 99 110 87 85 125 130 132 132 129 126 87 89 123 135 129 91 99 89 92 92 135 130 141 90 90 138 81 91 132 92 95 95 128 135 136 93 56 95 136 133 96 137 100 113 98 134 98 101 97 84 
108 126 108 84 0 122 109 82 86 122 135 135 40 125 124 130 125 86 123 126 124 123 82 109 82 123 82 41 109 123 41 89 83 109 126 84 42 83 83 43 136 126 125 127 126 133 109 135 127 127 153 128 86 169 86 87 133 128 89 131 130 147 88 91 89 89 132 92 89 131 135 130 133 59 89 92 140 93 95 98 93 110 129 94 97 140 94 142 137 96 138 139 139 98 139 50 101 144 102 133 
125 122 88 80 122 0 97 123 122 91 87 134 127 124 120 91 133 122 82 131 83 82 40 87 41 82 41 82 132 129 81 121 91 133 122 82 83 104 83 104 98 93 83 123 134 139 127 43 87 47 88 127 92 88 126 93 93 97 87 46 90 135 90 129 95 91 130 89 132 98 127 50 93 90 130 133 133 91 52 93 134 96 99 88 97 143 136 102 98 99 96 139 98 104 98 146 133 141 141 124 
126 161 100 132 109 97 0 92 141 95 133 92 140 99 139 99 124 140 123 138 40 132 100 100 91 99 82 99 100 133 124 140 82 100 138 141 124 97 124 97 95 83 100 99 125 150 100 89 133 92 44 127 137 128 142 105 98 46 101 97 91 91 100 94 94 100 143 89 102 139 93 97 90 50 101 51 151 90 45 133 47 101 104 134 104 118 136 143 144 145 136 139 101 118 104 158 102 105 103 59 
122 82 82 99 82 123 92 0 116 40 116 92 85 104 84 104 84 82 122 108 124 122 130 81 125 94 82 41 81 41 123 140 84 105 57 99 124 42 83 95 136 83 98 104 125 133 128 105 86 84 116 95 86 128 88 87 133 46 106 97 89 87 88 47 94 100 132 141 108 49 89 105 100 103 89 92 90 116 94 101 52 52 88 94 95 108 104 139 96 105 134 135 98 98 109 132 58 99 117 105 
80 80 122 120 86 122 141 116 0 82 116 98 125 112 80 83 40 40 94 43 124 40 86 41 81 140 126 127 81 81 45 93 82 124 82 124 84 82 122 83 123 123 125 141 93 124 126 84 44 126 98 127 90 125 85 103 89 131 128 87 101 90 87 96 92 88 88 112 108 102 49 129 112 91 130 136 92 51 96 132 135 135 128 129 135 133 135 135 136 100 56 115 96 128 98 136 58 96 117 149 
86 122 94 136 122 91 95 40 82 0 129 95 125 125 124 88 82 102 94 94 86 102 131 41 132 87 122 81 41 81 125 129 83 106 94 106 134 82 123 131 129 43 131 137 93 130 127 85 58 44 92 128 89 88 86 90 100 49 129 90 94 47 88 87 89 99 130 135 137 89 49 106 133 91 92 132 92 133 134 136 92 53 128 100 135 97 95 99 108 141 138 95 138 101 83 144 98 84 136 108 
92 40 122 110 135 87 133 116 116 129 0 94 108 93 93 126 124 80 80 120 100 88 127 88 128 137 121 94 94 81 142 151 100 142 82 124 124 129 87 116 135 93 125 135 83 136 142 44 88 134 89 108 126 48 110 140 140 140 133 133 91 129 47 103 135 100 153 129 108 96 125 137 50 138 91 145 130 116 139 109 100 97 103 89 98 56 54 98 99 100 100 143 136 88 97 140 58 113 95 115 
129 133 86 86 135 134 92 92 98 95 94 0 133 99 93 104 104 102 93 92 132 94 102 136 127 104 93 94 94 127 141 99 99 57 128 139 97 129 87 142 137 138 98 43 110 138 93 94 138 110 98 138 131 105 109 92 46 46 106 93 87 93 47 94 94 99 110 142 144 49 49 137 144 107 91 93 134 51 96 41 52 110 140 139 147 150 96 55 104 105 132 113 97 98 100 144 109 105 116 105 
127 131 133 47 40 127 140 85 125 125 108 133 0 127 85 98 85 125 127 125 127 129 87 127 88 130 122 81 108 126 81 88 85 127 89 124 82 43 85 83 144 86 90 90 128 149 129 131 87 129 137 108 126 130 126 127 147 131 129 133 90 136 125 131 129 129 133 108 49 109 140 140 135 99 129 100 126 133 95 109 133 137 89 134 137 140 54 140 104 136 135 141 142 111 126 90 99 113 95 131 
133 126 131 94 125 124 99 104 112 125 93 99 127 0 54 100 84 94 94 124 84 134 84 84 125 90 126 98 101 94 84 126 42 84 84 42 84 84 126 108 110 90 127 99 85 137 86 90 128 86 134 45 87 45 87 91 99 138 88 89 101 131 94 90 108 93 90 110 110 110 139 134 92 92 50 137 95 135 136 106 52 95 130 135 54 135 96 44 55 55 56 111 124 143 99 145 112 139 114 113 
80 80 122 40 124 120 139 84 80 124 93 93 85 54 0 120 84 40 92 80 126 80 80 92 81 129 104 98 101 81 121 81 84 123 82 96 82 42 84 83 123 85 83 83 110 124 101 90 84 110 116 99 126 45 85 110 101 130 129 127 89 127 94 96 132 100 110 129 108 104 129 139 116 101 50 141 41 91 94 52 106 135 88 95 108 133 96 55 96 106 110 140 96 109 107 138 58 98 117 124 
95 86 134 82 130 91 99 104 83 88 126 104 98 100 120 0 80 80 126 40 128 120 86 95 123 104 132 104 121 121 89 41 86 83 86 58 100 122 137 123 138 131 43 104 43 51 87 134 124 44 92 131 89 145 103 90 86 134 106 105 134 87 105 134 92 91 99 108 49 92 132 132 136 133 137 100 146 131 143 139 52 111 153 96 92 137 138 98 104 99 139 135 100 101 109 147 99 101 142 84 
120 84 134 84 125 133 124 84 40 82 124 104 85 84 84 80 0 80 94 40 84 51 103 81 92 129 126 92 41 94 84 121 42 84 42 84 124 42 84 90 146 85 85 127 85 131 86 95 84 86 104 87 129 129 45 132 86 130 88 98 89 87 88 90 89 48 48 102 129 99 55 89 92 91 92 133 125 91 94 136 132 95 88 138 134 93 95 103 139 132 96 135 107 132 99 175 90 84 136 126 
40 40 82 80 86 122 140 82 40 102 80 102 125 94 40 80 80 0 80 40 126 40 92 81 81 103 86 92 90 41 85 115 93 96 82 86 44 82 82 43 83 83 116 113 83 84 137 84 44 124 113 104 86 85 45 103 86 104 89 87 113 87 87 56 92 128 128 92 129 99 89 136 109 131 90 107 81 51 95 92 132 134 128 113 95 94 117 95 96 98 96 135 56 88 97 98 98 58 102 147 
84 40 122 124 123 82 123 122 94 94 80 93 127 94 92 126 94 80 0 120 83 120 98 94 84 82 41 82 129 81 94 136 52 94 82 124 83 84 42 98 127 126 125 136 83 128 96 124 124 96 94 97 126 128 87 128 138 138 87 128 131 129 82 100 90 95 103 49 108 98 45 91 102 102 102 133 51 131 134 52 134 135 102 105 132 133 100 138 104 118 105 98 98 88 97 140 118 108 59 147 
80 80 94 120 126 131 138 108 43 94 120 92 125 124 80 40 40 40 120 0 124 80 126 84 121 135 116 132 81 81 88 81 82 123 82 98 84 82 122 83 123 123 83 135 83 91 126 124 84 84 94 127 126 125 85 92 46 94 128 93 94 47 108 96 94 88 88 132 89 59 92 129 132 131 97 93 121 91 134 111 92 135 128 100 132 133 114 101 114 115 99 95 96 128 137 138 101 98 142 124 
86 123 99 92 124 83 40 124 124 86 100 132 127 84 126 128 84 126 83 124 0 92 98 84 51 83 42 83 125 94 84 126 42 84 126 126 84 84 84 98 129 43 130 135 85 130 86 100 128 86 84 87 128 88 129 129 137 86 88 90 131 131 124 90 98 100 103 49 108 99 128 92 50 90 131 91 134 130 85 94 87 137 102 136 134 97 96 128 104 132 105 140 99 106 83 144 108 108 137 99 
80 80 89 82 123 82 132 122 40 102 88 94 129 134 80 120 51 40 120 80 92 0 52 81 41 130 113 94 92 81 82 115 93 96 88 94 84 88 83 83 99 94 95 113 113 124 137 44 44 129 89 138 126 89 85 103 94 98 94 47 91 127 47 96 92 99 99 101 144 96 89 97 94 102 91 141 121 91 134 132 100 97 100 89 98 134 138 135 99 100 96 139 56 128 98 138 98 98 142 136 
132 124 48 40 82 40 100 130 86 131 127 102 87 84 80 86 103 92 98 126 98 52 0 100 81 89 81 122 100 89 41 81 83 100 82 42 82 122 123 98 138 133 43 83 126 137 87 83 96 87 128 128 86 125 86 130 103 137 98 86 101 95 99 131 89 89 90 49 92 92 135 90 112 50 101 138 121 51 92 132 135 95 102 128 96 133 96 128 104 96 56 115 108 106 114 106 109 101 137 84 
121 95 100 132 109 87 100 81 41 41 88 136 127 84 92 95 81 81 94 84 84 81 100 0 114 114 114 122 82 94 84 126 42 84 123 126 125 84 126 124 155 84 113 114 52 143 86 44 85 85 89 87 129 89 126 131 130 90 88 128 91 88 91 90 130 100 114 114 144 130 90 137 92 50 101 137 51 92 136 138 114 94 104 89 98 138 96 107 99 100 97 136 109 142 57 158 99 55 137 143 
84 114 48 41 82 41 91 125 81 132 128 127 88 125 81 123 92 81 84 121 51 41 81 114 0 89 82 84 129 89 41 82 83 124 83 123 83 84 42 124 127 94 84 84 126 128 127 84 85 88 129 128 86 126 86 130 134 137 88 87 128 95 82 131 89 89 114 100 133 131 129 91 101 98 114 135 122 132 93 133 114 136 130 129 138 134 97 136 137 96 115 98 97 141 57 106 131 139 138 125 
87 114 41 125 123 82 99 94 140 87 137 104 130 90 129 104 129 103 82 135 83 130 89 114 89 0 41 82 96 82 96 138 90 96 97 55 83 87 83 92 130 44 132 84 133 131 103 125 96 96 135 45 86 89 92 91 96 95 46 91 128 88 105 47 48 93 103 95 148 98 127 91 100 91 114 97 131 134 134 93 52 108 94 135 102 98 99 134 102 110 115 136 98 139 57 99 135 139 140 137 
84 81 82 84 82 41 82 82 126 122 121 93 122 126 104 132 126 86 41 116 42 113 81 114 82 41 0 41 129 114 122 116 84 97 123 84 42 84 42 92 127 85 106 114 114 128 104 84 128 88 114 86 86 129 87 87 133 128 46 87 100 129 82 88 89 91 114 90 143 57 86 50 92 131 89 92 92 93 93 52 93 103 94 94 138 138 107 142 112 113 115 98 57 98 57 132 133 144 100 133 
84 105 90 125 41 82 99 41 127 81 94 94 81 98 98 104 92 92 82 132 83 94 122 122 84 82 41 0 92 82 82 130 124 138 98 90 83 83 42 84 95 124 133 104 106 92 99 94 105 90 138 91 45 139 47 46 92 87 87 128 106 106 47 88 90 130 138 114 102 90 127 91 133 99 48 51 99 105 134 93 52 93 104 53 136 101 114 101 137 104 150 98 98 57 98 91 99 135 141 92 
127 125 94 110 109 132 100 81 81 41 94 94 108 101 101 121 41 90 129 81 125 92 100 82 129 96 129 92 0 101 90 138 83 96 83 90 132 83 87 90 162 84 101 137 126 154 100 94 96 85 94 108 130 129 45 131 96 90 91 131 94 47 47 128 48 89 89 97 150 96 90 130 133 50 51 142 102 103 135 109 100 94 129 100 102 99 54 140 148 107 137 95 136 111 108 152 131 43 95 142 
81 41 41 121 123 129 133 41 81 81 81 127 126 94 81 121 94 41 81 81 94 81 89 94 89 82 114 82 101 0 90 116 52 94 83 90 85 83 114 84 124 124 116 84 84 125 96 108 85 90 114 91 45 126 86 128 127 87 98 108 114 88 128 88 108 132 138 110 110 90 126 95 102 91 100 133 49 92 135 133 93 93 102 103 54 134 106 136 55 96 137 136 57 89 98 99 99 58 114 113 
125 125 89 81 41 81 124 123 45 125 142 141 81 84 121 89 84 85 94 88 84 82 41 84 41 96 122 82 90 90 0 48 42 84 123 83 83 84 83 84 110 127 84 124 85 140 86 111 89 86 134 87 45 129 45 128 96 96 88 127 111 135 123 90 48 48 131 90 130 111 94 89 92 91 111 133 135 92 133 138 134 136 130 135 102 99 96 128 96 55 97 111 107 139 98 91 90 133 114 125 
136 125 127 41 89 121 140 140 93 129 151 99 88 126 81 41 121 115 136 81 126 115 81 126 82 138 116 130 138 116 48 0 84 42 83 99 83 123 116 132 158 166 84 84 84 92 128 148 127 85 116 129 93 126 93 131 127 138 130 146 116 128 146 132 90 96 140 130 90 133 142 137 134 92 131 141 122 132 173 133 93 95 169 116 133 134 97 136 144 103 137 98 59 142 139 139 138 142 101 101 
126 86 93 110 83 91 82 84 82 83 100 99 85 42 84 86 42 93 52 82 42 93 83 42 83 90 84 124 83 52 42 84 0 42 84 84 125 42 84 92 139 85 88 114 43 136 44 86 86 44 92 45 87 87 87 90 128 96 46 93 89 129 124 48 90 90 90 91 134 109 97 96 50 50 92 95 93 133 94 96 94 95 88 96 92 135 54 86 97 90 98 98 82 101 57 133 108 97 95 101 
136 128 100 83 109 133 100 105 124 106 142 57 127 84 123 83 84 96 94 123 84 96 100 84 124 96 97 138 96 94 84 42 42 0 106 106 125 84 96 118 167 127 100 97 85 134 86 106 96 86 97 87 129 129 129 105 96 96 88 135 97 104 104 90 48 96 132 97 132 106 106 106 92 50 101 137 135 108 136 98 109 53 130 97 102 118 96 112 108 112 115 56 40 118 99 158 118 139 59 59 
94 42 94 42 126 122 138 57 82 94 82 128 89 84 82 86 42 82 82 82 126 88 82 123 83 97 123 98 83 83 123 83 84 106 0 42 84 84 124 125 137 105 43 85 85 137 87 88 44 128 94 129 87 127 87 103 100 94 130 89 94 47 95 104 92 90 90 131 92 92 97 106 132 102 51 138 102 133 136 134 109 53 130 100 96 51 98 128 108 97 138 95 138 90 99 142 115 101 139 84 
126 84 90 82 84 82 141 99 124 106 124 139 124 42 96 58 84 86 124 98 126 94 42 126 123 55 84 90 90 90 83 99 84 106 42 0 42 126 90 90 99 94 85 125 101 109 101 106 86 90 136 87 45 87 45 133 94 98 91 47 111 89 130 93 103 131 48 91 107 111 139 95 134 92 92 141 137 93 134 98 94 53 100 142 54 93 138 86 96 55 98 111 141 132 105 103 148 133 114 113 
84 84 90 42 42 83 124 124 84 134 124 97 82 84 82 100 124 44 83 84 84 84 82 125 83 83 42 83 132 85 83 83 125 125 84 42 0 124 84 85 127 127 85 85 127 128 108 126 88 90 138 91 45 127 87 129 103 140 88 89 129 131 124 93 131 131 90 131 131 99 128 92 134 101 131 134 123 51 96 56 135 95 136 136 96 135 98 128 138 97 138 140 99 113 99 92 109 102 139 126 
84 122 124 82 83 104 97 42 82 82 129 129 43 84 42 122 42 82 84 82 84 88 122 84 84 87 84 83 83 83 84 123 42 84 84 126 124 0 42 104 104 43 125 91 85 128 86 88 44 86 94 87 128 87 87 103 128 88 88 90 47 94 82 89 90 90 90 99 92 91 97 97 92 92 92 99 83 97 52 94 94 94 46 100 134 97 96 97 138 103 92 98 99 140 83 133 100 106 137 143 
42 82 90 83 83 83 124 83 122 123 87 87 85 126 84 137 84 82 42 122 84 83 123 126 42 83 42 42 87 114 83 116 84 96 124 90 84 42 0 90 85 85 126 114 114 86 128 87 86 96 114 128 87 129 45 88 96 96 46 93 89 104 40 130 48 96 132 91 134 89 87 58 134 134 84 93 93 103 94 94 93 111 88 95 102 96 138 139 142 112 115 56 57 99 99 100 138 130 101 134 
83 83 102 123 43 104 97 95 83 131 116 142 83 108 83 123 90 43 98 83 98 83 98 124 124 92 92 84 90 84 84 132 92 118 125 90 85 104 90 0 104 126 141 145 103 127 98 108 87 102 116 96 57 128 45 130 129 96 46 93 111 130 130 48 98 100 103 49 108 111 132 96 101 102 111 97 124 94 52 135 100 143 94 137 54 99 100 138 96 55 105 111 99 106 140 93 58 101 59 113 
43 95 159 163 136 98 95 136 123 129 135 137 144 110 123 138 146 83 127 123 129 99 138 155 127 130 127 95 162 124 110 158 139 167 137 99 127 104 85 104 0 86 139 155 111 87 95 111 127 145 139 143 140 131 128 133 91 103 95 52 111 144 125 95 133 143 147 144 95 111 172 102 148 145 111 44 150 97 52 147 142 151 97 141 106 97 155 146 96 55 156 111 139 143 126 101 145 141 114 154 
43 95 85 125 126 93 83 83 123 43 93 138 86 90 85 131 85 83 126 123 43 94 133 84 94 44 85 124 84 124 127 166 85 127 105 94 127 43 85 126 86 0 148 97 128 87 129 90 87 87 127 89 130 45 108 133 94 92 90 47 90 90 125 91 92 133 97 92 135 132 92 97 93 133 97 130 126 134 95 137 96 96 89 135 101 54 138 95 145 141 98 138 139 111 40 101 141 127 179 113 
137 85 91 43 125 83 100 98 125 131 125 98 90 127 83 43 85 116 125 83 130 95 43 113 84 132 106 133 101 116 84 84 88 100 43 85 85 125 126 141 139 148 0 86 86 94 44 126 87 87 135 96 129 128 129 87 129 100 134 129 117 90 98 136 96 48 56 92 49 49 98 89 98 93 94 95 117 94 135 96 95 96 145 139 100 94 99 111 104 90 99 138 140 100 113 149 90 58 140 41 
140 114 43 43 127 123 99 104 141 137 135 43 90 99 83 104 127 113 136 135 135 113 83 114 84 84 114 104 137 84 124 84 114 97 85 125 85 91 114 145 155 97 86 0 110 151 130 91 129 104 56 129 88 105 151 110 89 89 106 136 44 90 90 131 132 134 110 132 135 92 92 94 106 93 114 136 124 94 139 84 52 138 97 97 138 136 99 55 139 100 89 100 57 141 57 101 114 103 115 127 
95 43 125 125 126 134 125 125 93 93 83 110 128 85 110 43 85 83 83 83 85 113 126 52 126 133 114 106 126 84 85 84 43 85 85 101 127 85 114 103 111 128 86 110 0 94 87 96 127 87 114 88 129 105 128 110 110 139 89 103 106 106 130 91 96 48 110 132 92 112 98 89 93 93 112 138 103 134 137 135 95 138 131 53 49 136 97 55 97 56 141 112 57 91 100 143 90 107 115 108 
44 96 154 133 133 139 150 133 124 130 136 138 149 137 124 51 131 84 128 91 130 124 137 143 128 131 128 92 154 125 140 92 136 134 137 109 128 128 86 127 87 87 94 151 94 0 138 99 105 92 140 92 137 132 129 46 92 151 132 134 107 107 126 140 134 140 150 159 100 143 173 144 149 184 140 131 108 135 139 176 103 152 160 54 143 98 146 101 154 142 152 142 111 144 127 102 150 142 186 92 
138 129 100 87 109 127 100 128 126 127 142 93 129 86 101 87 86 137 96 126 86 137 87 86 127 103 104 99 100 96 86 128 44 86 87 101 108 86 128 98 95 129 44 130 87 138 0 102 130 88 136 58 104 131 131 104 98 139 90 137 102 134 95 92 98 92 100 49 93 93 141 133 94 50 51 51 102 138 138 52 138 101 102 140 104 138 98 130 87 46 105 102 126 106 101 158 134 102 105 85 
124 84 131 123 135 43 89 105 84 85 44 94 131 90 90 134 95 84 124 124 100 44 83 44 84 125 84 94 94 108 111 148 86 106 88 106 126 88 87 108 111 90 126 91 96 99 102 0 44 90 45 131 135 45 129 103 136 134 130 89 47 92 47 103 92 100 112 110 110 96 94 93 50 94 91 140 95 134 95 135 100 53 100 45 54 100 98 95 55 56 56 103 100 132 101 182 102 99 104 113 
84 84 126 86 127 87 133 86 44 58 88 138 87 128 84 124 84 44 124 84 128 44 96 85 85 96 128 105 96 85 89 127 86 96 44 86 88 44 86 87 127 87 87 129 127 105 130 44 0 96 89 105 130 89 89 59 96 96 132 91 91 91 91 100 48 96 132 97 136 135 93 137 94 135 95 143 125 95 96 136 138 97 90 89 98 95 140 114 99 100 100 139 100 132 127 142 102 102 146 105 
130 105 90 126 127 47 92 84 126 44 134 110 129 86 110 44 86 124 96 84 86 129 87 85 88 96 88 90 85 90 86 85 44 86 128 90 90 86 96 102 145 87 87 104 87 92 88 90 96 0 48 89 45 105 130 46 92 93 90 93 95 91 132 92 48 96 110 97 93 133 93 95 94 94 136 139 136 138 99 114 96 97 132 135 102 114 98 55 141 134 140 139 105 57 101 103 106 128 107 92 
153 129 94 99 153 88 44 116 98 92 89 98 137 134 116 92 104 113 94 94 84 89 128 89 129 135 114 138 94 114 134 116 92 97 94 136 138 94 114 116 139 127 135 56 114 140 136 45 89 48 0 137 93 90 139 94 100 90 138 134 47 47 92 103 96 99 148 133 108 141 49 97 50 94 136 95 140 116 89 139 91 98 100 90 99 145 100 103 100 101 92 95 57 105 104 151 58 106 59 103 
132 131 86 110 128 127 127 95 127 128 108 138 108 45 99 131 87 104 97 127 87 138 128 87 128 45 86 91 108 91 87 129 45 87 129 87 91 87 128 96 143 89 96 129 88 92 58 131 105 89 137 0 46 90 132 46 92 96 91 134 134 133 138 48 93 48 135 107 140 109 98 89 95 95 95 99 138 142 139 109 97 140 133 141 99 143 54 89 100 100 101 143 127 111 102 104 90 113 95 92 
116 86 45 87 86 92 137 86 90 89 126 131 126 87 126 89 129 86 126 126 128 126 86 129 86 86 86 45 130 45 45 93 87 129 87 45 45 128 87 57 140 130 129 88 129 137 104 135 130 45 93 46 0 132 90 91 137 96 100 92 100 92 92 48 93 91 93 106 138 135 138 50 101 95 93 96 94 96 102 101 97 98 145 98 99 138 100 100 100 100 142 140 102 102 143 58 115 103 116 137 
88 88 130 85 169 88 128 128 125 88 48 105 130 45 45 145 129 85 128 125 88 89 125 89 126 89 129 139 129 126 129 126 87 129 127 87 127 87 129 128 131 45 128 105 105 132 131 45 89 105 90 90 132 0 130 105 105 137 133 92 92 135 92 135 137 138 105 137 153 141 137 138 95 137 95 152 86 136 139 97 97 98 133 90 99 99 102 50 100 100 101 148 141 136 85 146 103 143 143 151 
85 85 127 125 86 126 142 88 85 86 110 109 126 87 85 103 45 45 87 85 129 85 86 126 86 92 87 47 45 86 45 93 87 129 87 45 87 87 45 45 128 108 129 151 128 129 131 129 89 130 139 132 90 130 0 93 110 134 46 92 134 92 85 93 93 93 93 94 148 134 100 96 137 95 95 97 126 58 97 137 99 98 94 100 99 54 99 131 141 100 141 101 101 104 142 136 103 88 104 113 
90 142 132 130 87 93 105 87 103 90 140 92 127 91 110 90 132 103 128 92 129 103 130 131 130 91 87 46 131 128 128 131 90 105 103 133 129 103 88 130 133 133 87 110 110 46 104 103 59 46 94 46 91 105 93 0 46 105 133 93 141 99 93 94 94 94 110 143 136 136 139 135 140 140 94 93 145 98 143 133 98 139 146 99 105 105 100 55 146 146 147 144 144 103 144 137 136 145 141 46 
126 126 100 132 133 93 98 133 89 100 140 46 147 99 101 86 86 86 138 46 137 94 103 130 134 96 133 92 96 127 96 127 128 96 100 94 103 128 96 129 91 94 129 89 110 92 98 136 96 92 100 92 137 105 110 46 0 92 94 47 100 53 93 98 48 96 110 97 98 95 95 97 146 102 51 47 102 52 97 87 98 147 100 106 101 148 142 55 148 107 145 101 136 144 108 158 110 112 155 92 
135 128 94 132 128 97 46 46 131 49 140 46 131 138 130 134 130 104 138 94 86 98 137 90 137 95 128 87 90 87 96 138 96 96 94 98 140 88 96 96 103 92 100 89 139 151 139 134 96 93 90 96 96 137 134 105 92 0 98 51 94 47 93 48 48 96 146 97 148 95 95 101 101 96 135 97 118 97 91 87 93 98 104 100 102 118 118 101 103 144 139 95 136 118 132 152 104 59 149 59 
88 127 87 129 89 87 101 106 128 129 133 106 129 88 129 106 88 89 87 128 88 94 98 88 88 46 46 87 91 98 88 130 46 88 130 91 88 88 46 46 95 90 134 106 89 132 90 130 132 90 138 91 100 133 46 133 94 98 0 47 100 134 86 93 94 91 103 49 102 103 132 50 96 96 130 51 101 104 98 98 54 103 48 140 100 100 100 132 104 101 105 102 103 106 103 139 104 108 105 147 
90 127 132 126 131 46 97 97 87 90 133 93 133 89 127 105 98 87 128 93 90 47 86 128 87 91 87 128 131 108 127 146 93 135 89 47 89 90 93 93 52 47 129 136 103 134 137 89 91 93 134 134 92 92 92 93 47 51 47 0 100 98 94 99 95 91 95 96 145 142 136 50 106 108 98 94 106 99 98 134 101 100 53 134 54 101 147 102 143 102 142 146 103 150 87 148 133 110 152 110 
131 131 87 87 130 90 91 89 101 94 91 87 90 101 89 134 89 113 131 94 131 91 101 91 128 128 100 106 94 114 111 116 89 97 94 111 129 47 89 111 111 90 117 44 106 107 102 47 91 95 47 134 100 92 134 141 100 94 100 100 0 47 94 136 137 91 101 101 139 112 96 50 97 137 112 106 106 138 99 128 96 100 53 53 101 144 118 99 97 56 45 56 57 152 101 145 105 59 106 150 
127 89 47 89 147 135 91 87 90 47 129 93 136 131 127 87 87 87 129 47 131 127 95 88 95 88 129 106 47 88 135 128 129 104 47 89 131 94 104 130 144 90 90 90 106 107 134 92 91 91 47 133 92 135 92 99 53 47 134 98 47 0 94 95 95 135 135 118 136 106 96 97 97 97 98 100 107 105 136 134 138 100 100 53 142 98 101 108 143 103 92 48 104 137 130 105 105 59 106 106 
82 87 130 123 88 90 100 88 87 88 47 47 125 94 94 105 88 87 82 108 124 47 99 91 82 105 82 47 47 128 123 146 124 104 95 130 124 82 40 130 125 125 98 90 130 126 95 47 91 132 92 138 92 92 85 93 93 93 86 94 94 94 0 135 88 136 136 131 147 49 96 98 97 95 44 98 95 98 134 88 53 100 128 92 101 103 101 102 102 100 103 96 97 104 101 138 105 90 141 139 
96 96 88 135 91 129 94 47 96 87 103 94 131 90 96 134 90 56 100 96 90 96 131 90 131 47 88 88 128 88 90 132 48 90 104 93 93 89 130 48 95 91 136 131 91 140 92 103 100 92 103 48 48 135 93 94 98 48 93 99 136 95 135 0 95 96 138 97 102 96 136 98 53 98 136 51 110 107 100 135 99 99 104 141 102 145 102 134 55 96 109 143 112 144 104 106 105 107 107 107 
90 130 89 129 89 95 94 94 92 89 135 94 129 108 132 92 89 92 90 94 98 92 89 130 89 48 89 90 48 108 48 90 90 48 92 103 131 90 48 98 133 92 96 132 96 134 98 92 48 48 96 93 93 137 93 94 48 48 94 95 137 95 88 95 0 48 103 49 108 137 98 89 98 98 99 95 141 100 139 135 100 101 102 137 54 143 102 103 104 103 105 104 88 105 105 139 90 91 107 107 
138 91 100 91 89 91 100 100 88 99 100 99 129 93 100 91 48 128 95 88 100 99 89 100 89 93 91 130 89 132 48 96 90 96 90 131 131 90 96 100 143 133 48 134 48 140 92 100 96 96 99 48 91 138 93 94 96 96 91 91 91 135 136 96 48 0 96 97 92 97 50 41 50 50 101 142 141 100 93 140 143 94 103 101 97 141 102 103 144 103 106 147 105 139 104 139 42 106 101 89 
140 114 138 99 132 130 143 132 88 130 153 110 133 90 110 99 48 128 103 88 103 99 90 114 114 103 114 138 89 138 131 140 90 132 90 48 90 90 132 103 147 97 56 110 110 150 100 112 132 110 148 135 93 105 93 110 110 146 103 95 101 135 136 138 103 96 0 54 105 105 103 137 111 139 114 151 151 139 142 146 114 101 107 154 102 141 143 55 109 103 56 115 155 111 57 151 138 113 162 97 
132 89 97 89 92 89 89 141 112 135 129 142 108 110 129 108 102 92 49 132 49 101 49 114 100 95 90 114 97 110 90 130 91 97 131 91 131 99 91 49 144 92 92 132 132 159 49 110 97 97 133 107 106 137 94 143 97 97 49 96 101 118 131 97 49 97 54 0 59 110 94 99 99 99 100 100 100 100 101 101 103 110 53 154 103 114 114 109 55 95 56 115 137 57 111 109 107 59 108 116 
138 134 140 92 89 132 102 108 108 137 108 144 49 110 108 49 129 129 108 89 108 144 92 144 133 148 143 102 150 110 130 90 134 132 92 107 131 92 134 108 95 135 49 135 92 100 93 110 136 93 108 140 138 153 148 136 98 148 102 145 139 136 147 102 108 92 105 59 0 98 142 133 108 142 143 51 110 108 144 145 101 110 104 145 141 143 103 147 55 96 115 152 149 116 158 139 50 107 109 90 
131 131 131 92 131 98 139 49 102 89 96 49 109 110 104 92 99 99 98 59 99 96 92 130 131 98 57 90 96 90 111 133 109 106 92 111 99 91 89 111 111 132 49 92 112 143 93 96 135 133 141 109 135 141 134 136 95 95 103 142 112 106 49 96 137 97 105 110 98 0 98 107 146 142 93 141 110 100 143 52 101 101 137 141 144 143 55 104 55 56 148 112 114 109 114 161 107 107 96 90 
129 85 135 135 135 127 93 89 49 49 125 49 140 139 129 132 55 89 45 92 128 89 135 90 129 127 86 127 90 126 94 142 97 106 97 139 128 97 87 132 172 92 98 92 98 173 141 94 93 93 49 98 138 137 100 139 95 95 132 136 96 96 96 136 98 50 103 94 142 98 0 91 99 100 140 142 96 100 138 90 101 102 143 139 147 146 144 104 149 149 105 143 106 133 132 185 92 133 104 139 
100 131 95 130 130 50 97 105 129 106 137 137 140 134 139 132 89 136 91 129 92 97 90 137 91 91 50 91 130 95 89 137 96 106 106 95 92 97 58 96 102 97 89 94 89 144 133 93 137 95 97 89 50 138 96 135 97 101 50 50 50 97 98 98 89 41 137 99 133 107 91 0 91 91 139 101 142 97 52 102 104 53 98 103 104 150 143 144 108 106 95 106 107 148 107 108 83 109 142 130 
136 90 141 141 133 93 90 100 112 133 50 144 135 92 116 136 92 109 102 132 50 94 112 92 101 100 92 133 133 102 92 134 50 92 132 134 134 92 134 101 148 93 98 106 93 149 94 50 94 94 50 95 101 95 137 140 146 101 96 106 97 97 97 53 98 50 111 99 108 146 99 91 0 100 111 104 106 116 135 144 111 103 53 95 104 106 104 136 105 106 56 115 107 138 54 159 58 147 109 139 
166 132 50 90 59 90 50 103 91 91 138 107 99 92 101 133 91 131 102 131 90 102 50 50 98 91 131 99 50 91 91 92 50 50 102 92 101 92 134 102 145 133 93 93 93 184 50 94 135 94 94 95 95 137 95 140 102 96 96 108 137 97 95 98 98 50 139 99 142 142 100 91 100 0 51 101 101 101 95 102 97 51 138 139 54 149 104 136 106 96 106 106 90 151 107 108 92 93 109 109 
126 93 101 90 89 130 101 89 130 92 91 91 129 50 50 137 92 90 102 97 131 91 101 101 114 114 89 48 51 100 111 131 92 101 51 92 131 92 84 111 111 97 94 114 112 140 51 91 95 136 136 95 93 95 95 94 51 135 130 98 112 98 44 136 99 101 114 100 143 93 140 139 111 51 0 98 51 103 144 102 97 102 104 101 104 102 105 94 97 56 106 112 141 105 57 139 108 94 115 135 
87 139 138 138 92 133 51 92 136 132 145 93 100 137 141 100 133 107 133 93 91 141 138 137 135 97 92 51 142 133 133 141 95 137 138 141 134 99 93 97 44 130 95 136 138 131 51 140 143 139 95 99 96 152 97 93 47 97 51 94 106 100 98 51 95 142 151 100 51 141 142 101 104 101 98 0 106 99 96 103 98 144 53 104 148 141 149 102 106 97 151 148 149 108 149 142 101 153 154 110 
121 90 90 81 140 133 151 90 92 92 130 134 126 95 41 146 125 81 51 121 134 121 121 51 122 131 92 99 102 49 135 122 93 135 102 137 123 83 93 124 150 126 117 124 103 108 102 95 125 136 140 138 94 86 126 145 102 118 101 106 106 107 95 110 141 141 151 100 110 110 96 142 106 101 51 106 0 132 135 93 142 110 53 54 103 153 118 96 55 96 148 149 106 138 108 148 99 59 110 158 
91 91 99 91 93 91 90 116 51 133 116 51 133 135 91 131 91 51 131 91 130 91 51 92 132 134 93 105 103 92 92 132 133 108 133 93 51 97 103 94 97 134 94 94 134 135 138 134 95 138 116 142 96 136 58 98 52 97 104 99 138 105 98 107 100 100 139 100 108 100 100 97 116 101 103 99 132 0 45 92 103 146 143 158 146 112 147 106 147 147 107 153 107 139 148 143 58 109 117 135 
95 135 140 132 95 52 45 94 96 134 139 96 95 136 94 143 94 95 134 134 85 134 92 136 93 134 93 134 135 135 133 173 94 136 136 134 96 52 94 52 52 95 135 139 137 139 138 95 96 99 89 139 102 139 97 143 97 91 98 98 99 136 134 100 139 93 142 101 144 143 138 52 135 95 144 96 135 45 0 137 92 105 98 140 106 149 148 149 148 107 144 150 146 156 135 145 103 150 111 104 
132 92 127 92 98 93 133 101 132 136 109 41 109 106 52 139 136 92 52 111 94 132 132 138 133 93 52 93 109 133 138 133 96 98 134 98 56 94 94 135 147 137 96 84 135 176 52 135 136 114 139 109 101 97 137 133 87 87 98 134 128 134 88 135 135 140 146 101 145 52 90 102 144 102 102 103 93 92 137 0 93 151 140 146 152 114 55 96 107 98 157 150 109 57 109 109 110 114 96 116 
135 114 93 95 93 134 47 52 135 92 100 52 133 52 106 52 132 132 134 92 87 100 135 114 114 52 93 52 100 93 134 93 94 109 109 94 135 94 93 100 142 96 95 52 95 103 138 100 138 96 91 97 97 97 99 98 98 93 54 101 96 138 53 99 100 143 114 103 101 101 101 104 111 97 97 98 142 103 92 93 0 104 102 105 106 150 148 96 107 107 108 149 109 109 57 143 110 143 150 106 
139 95 101 95 110 96 101 52 135 53 97 110 137 95 135 111 95 134 135 135 137 97 95 94 136 108 103 93 94 93 136 95 95 53 53 53 95 94 111 143 151 96 96 138 138 152 101 53 97 97 98 140 98 98 98 139 147 98 103 100 100 100 100 99 101 94 101 110 110 101 102 53 103 51 102 144 110 146 105 151 104 0 140 98 105 104 148 139 55 96 109 109 93 143 136 156 110 137 112 112 
130 142 135 128 129 99 104 88 128 128 103 140 89 130 88 153 88 128 102 128 102 100 102 104 130 94 94 104 129 102 130 169 88 130 130 100 136 46 88 94 97 89 145 97 131 160 102 100 90 132 100 133 145 133 94 146 100 104 48 53 53 100 128 104 102 103 107 53 104 137 143 98 53 138 104 53 53 143 98 140 102 140 0 106 107 143 142 143 108 109 98 109 110 110 107 162 111 112 153 163 
98 96 100 135 94 88 134 94 129 100 89 139 134 135 95 96 138 113 105 100 136 89 128 89 129 135 94 53 100 103 135 116 96 97 100 142 136 100 95 137 141 135 139 97 53 54 140 45 89 135 90 141 98 90 100 99 106 100 140 134 53 53 92 141 137 101 154 154 145 141 139 103 95 139 101 104 54 158 140 146 105 98 106 0 99 145 143 108 100 101 98 101 57 110 146 144 143 112 149 145 
135 92 95 136 97 97 104 95 135 135 98 147 137 54 108 92 134 95 132 132 134 98 96 98 138 102 138 136 102 54 102 133 92 102 96 54 96 134 102 54 106 101 100 138 49 143 104 54 98 102 99 99 99 99 99 105 101 102 100 54 101 142 101 102 54 97 102 103 141 144 147 104 104 54 104 148 103 146 106 152 106 105 107 99 0 118 146 98 109 105 110 157 106 118 141 147 112 112 113 59 
54 93 139 93 140 143 118 108 133 97 56 150 140 135 133 137 93 94 133 133 97 134 133 138 134 98 138 101 99 134 99 134 135 118 51 93 135 97 96 99 97 54 94 136 136 98 138 100 95 114 145 143 138 99 54 105 148 118 100 101 144 98 103 145 143 141 141 114 143 143 146 150 106 149 102 141 153 112 149 114 150 104 143 145 118 0 110 149 155 148 152 146 150 57 94 109 114 142 151 59 
146 94 140 56 94 136 136 104 135 95 54 96 54 96 96 138 95 117 100 114 96 138 96 96 97 99 107 114 54 106 96 97 54 96 98 138 98 96 138 100 155 138 99 99 97 146 98 98 140 98 100 54 100 102 99 100 142 118 100 147 118 101 101 102 102 102 143 114 103 55 144 143 104 104 105 149 118 147 148 55 148 148 142 143 146 110 0 140 100 100 152 149 136 57 111 109 100 59 41 116 
135 98 98 95 142 102 143 139 135 99 98 55 140 44 55 98 103 95 138 101 128 135 128 107 136 134 142 101 140 136 128 136 86 112 128 86 128 97 139 138 146 95 111 55 55 101 130 95 114 55 103 89 100 50 131 55 55 101 132 102 99 108 102 134 103 103 55 109 147 104 104 144 136 136 94 102 96 106 149 96 96 139 143 108 98 149 140 0 99 99 100 155 112 112 112 156 113 153 158 101 
136 96 96 136 137 98 144 96 136 108 99 104 104 55 96 104 139 96 104 114 104 99 104 99 137 102 112 137 148 55 96 144 97 108 108 96 138 138 142 96 96 145 104 139 97 154 87 55 99 141 100 100 100 100 141 146 148 103 104 143 97 143 102 55 104 144 109 55 55 55 149 108 105 106 97 106 55 147 148 107 107 55 108 100 109 155 100 99 0 41 111 97 112 112 153 154 105 113 59 145 
98 99 137 133 96 99 145 105 100 141 100 105 136 55 106 99 132 98 118 115 132 100 96 100 96 110 113 104 107 96 55 103 90 112 97 55 97 103 112 55 55 141 90 100 56 142 46 56 100 134 101 100 100 100 100 146 107 144 101 102 56 103 100 96 103 103 103 95 96 56 149 106 106 96 56 97 96 147 107 98 107 96 109 101 105 148 100 99 41 0 101 56 113 147 113 146 113 115 59 131 
136 115 104 96 138 96 136 134 56 138 100 132 135 56 110 139 96 96 105 99 105 96 56 97 115 115 115 150 137 137 97 137 98 115 138 98 138 92 115 105 156 98 99 89 141 152 105 56 100 140 92 101 142 101 141 147 145 139 105 142 45 92 103 109 105 106 56 56 115 148 105 95 56 106 106 151 148 107 144 157 108 109 98 98 110 152 152 100 111 101 0 59 102 113 58 162 114 104 151 140 
98 137 95 137 139 139 139 135 115 95 143 113 141 111 140 135 135 135 98 95 140 139 115 136 98 136 98 98 95 136 111 98 98 56 95 111 140 98 56 111 111 138 138 100 112 142 102 103 139 139 95 143 140 148 101 144 101 95 102 146 56 48 96 143 104 147 115 115 152 112 143 106 115 106 112 148 149 153 150 150 149 109 109 101 157 146 149 155 97 56 59 0 96 155 117 153 153 107 115 115 
96 96 98 100 139 98 101 98 96 138 136 97 142 124 96 100 107 56 98 96 99 56 108 109 97 98 57 98 136 57 107 59 82 40 138 141 99 99 57 99 139 139 140 57 57 111 126 100 100 105 57 127 102 141 101 144 136 136 103 103 57 104 97 112 88 105 155 137 149 114 106 107 107 90 141 149 106 107 146 109 109 93 110 57 106 150 136 112 112 113 102 96 0 144 114 154 115 114 99 99 
100 48 110 113 98 104 118 98 128 101 88 98 111 143 109 101 132 88 88 128 106 128 106 142 141 139 98 57 111 89 139 142 101 118 90 132 113 140 99 106 143 111 100 141 91 144 106 132 132 57 105 111 102 136 104 103 144 118 106 150 152 137 104 144 105 139 111 57 116 109 133 148 138 151 105 108 138 139 156 57 109 143 110 110 118 57 57 112 112 147 113 155 144 0 105 52 146 116 98 59 
83 57 98 98 139 98 104 109 98 83 97 100 126 99 107 109 99 97 97 137 83 98 114 57 57 57 57 98 108 98 98 139 57 99 99 105 99 83 99 140 126 40 113 57 100 127 101 101 127 101 104 102 143 85 142 144 108 132 103 87 101 130 101 104 105 104 57 111 158 114 132 107 54 107 57 149 108 148 135 109 57 136 107 146 141 94 111 112 153 113 58 117 114 105 0 141 112 112 152 153 
58 100 58 134 50 146 158 132 136 144 140 144 90 145 138 147 175 98 140 138 144 138 106 158 106 99 132 91 152 99 91 139 133 158 142 103 92 133 100 93 101 101 149 101 143 102 158 182 142 103 151 104 58 146 136 137 158 152 139 148 145 105 138 106 139 139 151 109 139 161 185 108 159 108 139 142 148 143 145 109 143 156 162 144 147 109 109 156 154 146 162 153 154 52 141 0 151 156 150 111 
138 98 140 98 101 133 102 58 58 98 58 109 99 112 58 99 90 98 118 101 108 98 109 99 131 135 133 99 131 99 90 138 108 118 115 148 109 100 138 58 145 141 90 114 90 150 134 102 102 106 58 90 115 103 103 136 110 104 104 133 105 105 105 105 90 42 138 107 50 107 92 83 58 92 108 101 99 58 103 110 110 110 111 143 112 114 100 113 105 113 114 153 115 146 112 151 0 148 59 131 
98 98 99 101 144 141 105 99 96 84 113 105 113 139 98 101 84 58 108 98 108 98 101 55 139 139 144 135 43 58 133 142 97 139 101 133 102 106 130 101 141 127 58 103 107 142 102 99 102 128 106 113 103 143 88 145 112 59 108 110 59 59 90 107 91 106 113 59 107 107 133 109 147 93 94 153 59 109 150 114 143 137 112 112 112 142 59 153 113 115 104 107 114 116 112 156 148 0 100 99 
142 99 153 97 102 141 103 117 117 136 95 116 95 114 117 142 136 102 59 142 137 142 137 137 138 140 100 141 95 114 114 101 95 59 139 114 139 137 101 59 114 179 140 115 115 186 105 104 146 107 59 95 116 143 104 141 155 149 105 152 106 106 141 107 107 101 162 108 109 96 104 142 109 109 115 154 110 117 111 96 150 112 153 149 113 151 41 158 59 59 151 115 99 98 152 150 59 100 0 118 
113 107 132 84 133 124 59 105 149 108 115 105 131 113 124 84 126 147 147 124 99 136 84 143 125 137 133 92 142 113 125 101 101 59 84 113 126 143 134 113 154 113 41 127 108 92 85 113 105 92 103 92 137 151 113 46 92 59 147 110 150 106 139 107 107 89 97 116 90 90 139 130 139 109 135 110 158 135 104 116 106 112 163 145 59 59 116 101 145 131 140 115 99 59 153 111 131 99 118 0 
240 217 268 253 255 245 207 255 206 247 252 218 260 238 236 263 221 267 213 268 
216 224 203 222 218 240 247 232 248 252 216 221 202 214 205 255 257 210 241 264 
255 226 216 245 267 249 238 218 251 252 217 264 209 221 220 226 263 267 259 244 
249 205 263 253 220 265 238 207 209 210 202 261 238 218 240 236 267 211 255 248 
264 206 245 205 225 267 232 218 264 221 263 248 226 256 232 244 252 203 252 261 
216 255 253 252 203 226 218 203 238 206 249 234 210 229 240 237 229 202 256 224 
224 251 205 251 237 234 225 224 237 210 216 251 263 203 236 267 228 255 202 265 
259 252 233 203 211 203 238 238 206 225 264 228 206 267 209 245 236 234 267 203 
243 216 255 238 217 221 236 247 206 236 245 265 220 211 267 232 213 236 205 220 
263 267 248 202 267 257 245 233 225 245 234 265 260 222 237 210 241 206 257 248 
244 233 245 261 243 243 226 256 213 229 206 206 229 255 206 228 243 253 259 265 
229 228 264 222 248 234 232 224 240 220 202 214 255 248 209 230 225 236 218 236 
264 225 243 226 214 247 255 255 233 245 255 261 206 249 214 252 216 247 209 256 
268 210 268 256 259 210 217 214 244 236 251 241 263 226 267 207 205 252 260 238 
230 245 230 234 229 247 221 245 226 228 232 225 238 233 211 229 241 230 244 216 
264 229 256 257 253 256 263 259 241 257 229 206 236 260 241 263 237 260 241 263 
220 203 221 259 234 234 221 206 263 264 224 257 226 213 249 210 202 245 203 244 
233 230 248 203 221 221 267 260 214 240 253 234 241 207 225 210 240 244 217 233 
241 238 225 265 252 205 210 252 248 211 230 216 243 209 217 261 230 214 255 244 
252 241 211 228 248 234 238 218 213 253 253 252 226 209 252 209 214 263 263 260 
205 226 209 245 233 224 240 265 240 226 243 225 265 252 251 247 221 220 264 232 
207 251 217 232 257 202 241 202 263 237 263 268 261 206 244 229 230 218 225 268 
245 268 225 244 251 209 222 205 228 220 237 236 268 253 265 259 256 237 261 251 
209 257 249 268 261 228 230 224 247 256 222 222 255 248 264 240 256 220 243 217 
237 211 251 238 265 249 228 255 220 220 236 226 209 220 229 203 248 257 225 225 
245 249 248 230 228 245 268 217 264 245 232 234 255 216 205 253 263 233 238 214 
255 209 238 261 229 265 263 207 257 222 233 233 202 214 264 230 257 264 247 255 
243 209 221 228 226 226 214 220 257 251 232 245 260 205 237 220 203 234 228 259 
257 259 225 257 203 221 218 263 218 265 248 259 209 202 220 233 226 232 251 218 
216 217 261 207 222 233 225 226 268 252 217 256 244 243 247 247 261 265 240 210 
263 221 267 202 222 217 236 249 249 220 268 264 234 264 202 257 228 225 216 229 
210 233 216 253 206 260 233 267 256 206 210 252 225 211 252 248 229 218 229 210 
237 230 205 205 225 207 261 253 230 210 213 243 241 229 226 248 222 260 245 210 
264 257 263 222 267 247 202 226 265 232 234 236 260 240 240 217 245 234 268 210 
245 216 251 217 243 210 263 267 268 243 210 265 233 203 218 230 248 218 257 248 
248 226 214 240 264 255 257 241 222 259 252 265 207 233 216 252 244 213 249 245 
256 257 241 220 259 257 248 241 207 238 220 256 263 234 229 259 224 217 233 244 
210 216 241 216 249 257 265 224 268 245 267 255 233 238 205 226 229 253 265 234 
224 218 225 217 251 252 209 205 203 240 251 211 256 222 225 236 210 225 260 213 
268 260 265 236 229 205 260 260 256 256 228 213 205 251 229 256 234 236 263 238 
210 244 248 264 267 206 232 210 229 225 221 229 217 221 263 247 224 253 237 213 
243 264 225 248 245 255 234 213 224 230 249 232 207 230 230 207 236 260 217 263 
216 238 225 233 257 221 211 214 207 247 226 251 241 252 229 221 237 265 232 261 
229 213 228 236 244 256 241 210 247 259 207 263 229 233 228 217 256 240 233 264 
217 257 247 260 243 206 211 210 205 241 205 233 255 230 202 230 217 241 241 264 
232 247 259 261 214 220 209 268 257 243 263 207 230 243 265 203 248 207 214 253 
251 218 217 236 247 217 267 265 260 240 260 225 220 252 217 232 205 226 233 263 
268 230 202 232 203 265 234 252 205 249 240 253 268 255 222 249 206 221 245 267 
261 236 222 214 222 237 248 225 264 211 220 263 243 220 226 248 218 261 230 224 
244 268 210 244 257 232 224 264 253 202 261 248 238 217 260 259 255 238 218 249 
252 236 244 225 256 203 203 205 263 236 228 237 237 236 214 228 268 238 222 255 
238 217 233 211 232 225 203 217 264 220 265 247 256 243 206 243 244 207 249 237 
244 210 207 213 247 221 238 247 260 263 234 230 210 267 243 244 225 244 259 220 
265 257 265 252 230 202 229 205 210 211 243 256 220 252 202 264 203 241 244 261 
234 210 225 247 210 268 221 233 244 210 251 240 267 249 225 230 252 255 234 261 
264 210 248 214 260 251 213 264 222 257 260 256 268 218 233 209 218 252 243 260 
263 228 233 263 207 259 225 259 245 260 253 240 268 234 256 263 216 202 257 236 
257 251 225 260 268 256 202 217 241 244 210 238 202 244 232 210 233 255 267 211 
245 251 251 248 216 240 241 232 240 232 267 228 214 222 221 216 213 222 230 252 
264 238 224 267 216 255 207 247 243 209 260 222 257 241 268 207 211 243 237 252 
207 237 210 222 259 230 236 202 253 264 255 248 236 210 248 252 265 253 233 238 
263 224 259 255 265 260 263 207 236 230 260 243 202 203 263 259 232 233 261 218 
230 249 264 268 260 245 251 256 233 214 229 226 236 218 211 232 213 205 240 247 
237 230 220 237 233 217 229 265 248 224 216 211 206 213 210 268 260 260 257 224 
207 217 251 243 237 261 207 248 267 249 225 237 210 247 207 244 264 237 244 245 
261 260 255 267 203 264 265 264 257 253 218 263 205 268 238 240 263 245 221 263 
225 244 234 236 224 240 211 218 211 256 261 203 247 248 268 251 245 267 247 233 
252 265 226 257 264 264 228 260 243 247 257 265 224 222 232 249 260 244 265 202 
230 259 207 210 240 206 260 216 205 237 247 257 233 203 248 232 268 206 225 241 
253 213 240 210 233 206 257 228 248 257 230 213 247 236 221 217 241 214 230 247 
249 210 237 217 214 216 247 214 222 202 256 209 217 228 217 248 232 209 206 213 
264 236 224 244 202 247 261 244 259 222 224 243 233 259 257 245 205 237 257 228 
240 245 234 255 203 253 237 236 260 241 247 257 210 202 232 214 249 224 256 241 
247 214 214 210 203 205 256 210 243 245 236 217 224 205 202 228 256 237 261 249 
213 238 237 224 241 202 236 224 226 226 264 203 238 211 214 240 216 268 251 259 
247 218 206 203 224 210 232 210 245 224 257 259 264 228 214 238 228 248 261 252 
205 259 256 244 268 203 216 217 205 264 207 251 216 211 255 237 220 218 248 267 
243 238 256 240 264 203 213 222 253 205 207 256 261 264 232 263 265 248 211 202 
245 217 253 263 229 241 233 251 257 216 248 234 252 237 207 248 240 218 203 224 
224 210 213 218 207 245 213 205 226 225 207 206 240 259 267 202 230 233 251 222 
247 229 257 230 268 263 211 238 216 213 263 237 224 209 255 230 256 268 236 213 
224 241 217 264 230 217 264 261 252 247 214 229 209 205 260 207 202 202 247 216 
214 240 251 236 251 238 267 237 237 233 248 261 205 267 256 236 214 252 229 264 
229 244 228 238 248 218 245 248 220 222 264 234 264 245 203 245 218 202 213 256 
236 261 249 240 259 236 209 207 218 236 205 248 214 233 218 263 251 264 244 203 
220 238 238 214 217 240 260 233 243 203 221 210 267 268 251 256 237 257 264 255 
228 203 236 240 234 255 233 218 249 207 222 203 247 259 216 261 230 207 226 203 
211 248 211 209 249 263 267 217 252 264 205 210 265 240 251 232 228 214 251 211 
222 205 213 267 261 226 261 222 234 221 228 245 267 240 255 247 234 252 265 220 
248 268 230 247 241 211 211 268 224 261 213 247 264 224 247 259 251 238 216 217 
259 241 263 256 214 248 237 247 234 233 267 216 234 228 260 207 237 203 206 261 
265 220 238 263 241 218 252 222 256 265 240 245 240 236 234 253 218 205 233 251 
238 232 264 205 257 257 210 229 259 217 221 257 234 261 251 209 210 234 232 264 
233 203 243 207 240 211 261 256 214 228 237 252 257 234 257 249 226 265 211 216 
216 230 207 251 225 256 257 234 224 220 232 259 224 206 264 263 216 259 249 230 
217 221 216 209 256 203 259 213 267 268 230 216 232 236 264 256 225 252 224 248 
206 253 237 228 260 234 224 209 224 207 238 238 229 252 245 218 257 234 230 255 
236 261 205 267 230 267 256 253 253 210 234 260 264 202 221 256 237 244 263 259 
252 234 229 211 221 207 228 209 244 259 264 210 253 267 207 214 268 264 202 255 
205 237 245 268 238 267 257 209 244 251 267 226 220 229 236 238 234 263 245 209 
29 27 29 26 27 31 29 27 30 29 30 30 30 26 31 31 26 28 26 28 
28 28 28 31 33 29 32 34 28 34 28 32 29 33 33 30 31 30 32 29 
34 31 28 32 33 34 31 34 30 32 29 30 32 31 34 31 32 31 30 33 
33 33 32 35 31 31 31 35 34 29 29 35 33 30 32 31 30 29 30 33 
29 28 25 27 25 31 30 30 28 27 29 26 25 26 26 27 28 28 27 27 
25 25 23 23 26 26 25 22 27 27 25 25 25 25 23 25 26 23 25 24 
31 28 32 31 29 27 28 27 30 30 30 28 27 32 30 27 31 28 27 31 
30 35 31 34 33 33 32 32 35 30 35 33 32 34 31 35 34 32 29 31 
27 30 29 28 29 27 28 27 28 29 31 30 28 28 29 26 26 26 29 31 
27 29 29 30 28 31 30 27 29 31 29 30 30 27 26 27 29 29 29 26 
26 28 29 29 30 27 30 31 28 28 31 29 25 28 28 28 27 27 29 31 
21 22 23 24 23 24 20 21 22 23 21 24 21 20 22 21 22 22 21 20 
27 29 32 28 32 30 31 29 32 30 30 27 33 28 27 31 28 28 33 33 
34 30 33 30 31 30 32 28 34 28 29 34 30 28 28 30 33 33 33 32 
24 23 26 23 25 26 22 22 22 22 22 22 24 26 24 22 23 23 23 22 
21 22 20 23 23 21 20 22 20 20 20 22 22 24 24 20 24 20 21 20 
27 27 27 30 27 31 31 28 26 26 29 28 30 30 27 28 31 29 32 26 
29 26 30 26 26 30 27 26 30 29 26 26 31 28 30 26 27 30 29 28 
28 24 29 27 29 25 24 29 28 24 24 26 25 27 26 26 25 28 26 24 
31 33 29 31 35 35 31 30 33 35 33 32 29 33 29 29 35 30 35 34 
29 34 29 31 32 33 33 34 30 30 28 33 34 29 28 34 29 31 29 33 
29 31 28 30 29 29 30 29 30 30 28 31 30 29 28 28 28 27 28 31 
24 23 24 24 25 25 24 21 23 25 26 26 24 22 24 23 25 23 26 23 
23 23 24 27 22 26 23 24 23 26 23 22 23 22 26 23 27 24 23 23 
22 22 23 22 24 21 24 23 23 24 21 25 21 24 25 22 23 22 24 25 
27 27 32 29 28 31 30 27 28 32 30 31 28 33 33 32 27 31 29 31 
23 23 24 24 21 23 21 24 25 25 24 26 21 23 22 22 22 21 23 23 
35 29 30 30 29 30 29 30 29 32 35 33 29 33 31 30 31 32 35 30 
26 27 24 26 24 27 28 26 27 25 24 27 26 25 28 26 27 29 27 27 
25 26 24 25 24 26 27 26 23 27 27 26 24 28 23 25 25 28 23 24 
22 21 25 24 22 24 21 21 23 25 24 21 23 25 23 24 23 22 22 24 
22 22 23 24 22 24 22 25 24 22 26 26 23 26 24 25 24 25 25 22 
31 30 29 28 29 34 34 34 29 30 32 30 31 28 34 32 32 28 30 29 
20 22 20 21 21 23 20 23 21 23 24 20 20 21 20 22 20 20 21 22 
25 23 28 23 24 28 27 28 23 24 23 24 26 24 26 28 28 27 27 24 
31 32 30 32 34 31 29 29 32 32 33 29 33 33 29 28 33 28 28 34 
22 22 21 21 23 25 21 23 24 24 25 22 23 22 25 22 24 21 24 23 
23 21 23 22 21 20 23 20 21 24 20 22 20 21 23 23 21 23 21 24 
28 26 26 31 27 26 27 26 27 31 30 26 28 28 30 30 29 29 31 31 
30 34 31 30 29 29 29 31 34 30 31 31 31 33 29 33 34 32 34 29 
31 30 29 33 27 27 31 31 30 30 31 32 30 28 29 32 30 30 30 30 
25 26 25 22 24 22 22 23 25 21 25 23 24 21 24 25 22 23 24 26 
29 31 35 33 33 31 33 29 35 29 34 35 29 33 31 35 29 32 33 35 
24 23 24 23 24 22 23 21 24 21 26 24 23 25 23 21 22 21 22 21 
26 25 25 27 30 26 27 30 30 31 30 28 27 28 31 25 29 27 25 28 
32 30 31 29 29 35 30 31 35 33 33 31 33 33 34 32 35 29 31 34 
21 22 22 24 24 22 25 24 24 21 21 22 22 24 22 23 23 23 25 23 
28 30 33 33 28 32 29 34 34 32 33 28 28 28 33 33 30 33 31 28 
25 24 22 21 22 24 23 25 21 23 23 22 25 23 21 26 21 23 21 21 
27 32 28 28 33 27 27 29 32 30 30 31 29 32 32 32 30 30 31 32 
21 22 21 21 24 21 21 26 23 21 21 25 25 22 21 25 23 21 22 23 
30 31 27 27 31 27 26 28 30 31 27 31 26 28 26 31 29 26 31 27 
30 29 29 29 31 29 29 35 30 31 31 29 31 32 30 30 34 30 34 32 
28 28 31 29 31 31 29 28 32 28 29 34 29 29 29 32 30 29 32 32 
29 30 29 26 28 25 27 27 27 26 31 27 26 28 29 29 25 31 30 30 
21 21 24 23 22 25 21 24 22 24 23 21 24 22 22 22 22 24 24 24 
28 32 29 30 29 34 28 29 34 28 28 29 28 34 32 31 33 33 29 28 
32 35 30 31 29 32 32 32 31 30 30 31 35 31 34 30 31 29 32 32 
23 26 27 23 26 25 26 25 24 28 27 27 27 28 23 28 25 26 25 28 
27 31 29 27 28 27 28 31 28 32 27 28 30 32 29 28 28 27 31 30 
25 23 22 24 23 23 24 21 21 22 21 21 25 22 21 21 23 22 25 24 
24 24 29 27 29 25 28 24 26 27 28 26 25 24 24 28 27 29 29 27 
26 30 30 25 26 31 26 29 27 25 28 28 25 27 26 25 30 25 26 26 
27 23 27 28 23 28 27 27 27 27 25 23 27 24 24 28 24 25 27 27 
23 22 21 23 24 23 24 24 23 20 20 23 21 24 23 22 24 22 20 23 
23 25 26 22 27 22 22 23 25 27 22 23 24 25 22 23 23 26 23 22 
25 27 29 26 26 27 29 26 25 30 30 27 28 29 28 28 30 29 31 28 
25 22 26 22 25 26 24 27 26 26 22 26 22 26 23 24 23 27 25 24 
27 26 28 25 25 25 23 25 23 23 23 27 23 28 28 28 28 25 28 27 
24 23 26 25 23 28 23 25 28 27 28 27 25 28 24 28 25 25 25 26 
27 28 28 29 28 28 28 27 25 28 25 27 29 30 30 29 29 25 25 29 
24 20 22 22 20 24 22 22 21 24 21 23 22 23 22 20 21 20 22 21 
33 33 33 31 31 33 29 30 33 30 28 33 31 32 29 32 31 33 29 33 
34 32 33 31 31 29 33 33 31 29 29 29 35 35 33 31 33 35 34 33 
30 35 32 34 33 34 32 30 32 35 29 31 31 34 34 34 35 32 32 30 
30 30 29 29 30 33 32 29 32 31 33 27 31 30 27 29 28 30 30 33 
29 31 29 32 29 28 31 29 31 27 31 29 32 27 32 29 27 31 31 33 
26 28 24 24 25 24 27 27 28 24 27 25 28 24 24 25 26 28 28 24 
25 27 27 30 28 26 26 28 30 31 28 27 29 29 28 25 25 25 29 30 
28 29 27 27 30 28 30 32 27 28 27 27 31 30 32 28 31 28 32 31 
22 25 22 26 23 25 27 23 25 25 22 22 23 23 23 26 24 26 26 24 
27 33 31 32 29 30 28 28 31 27 33 32 31 33 31 33 31 31 29 29 
25 26 26 27 27 27 26 25 26 25 28 27 25 26 27 28 23 28 23 27 
22 22 25 25 22 23 25 26 23 22 23 25 26 27 25 25 26 23 22 24 
34 29 32 30 33 30 29 34 30 30 33 30 31 31 35 32 34 33 32 35 
32 32 31 30 32 28 28 31 31 29 28 29 29 31 30 27 27 31 32 28 
27 24 24 23 25 24 26 24 22 23 24 27 23 23 25 22 25 27 26 23 
22 21 24 24 26 22 25 21 21 24 22 25 22 25 22 21 22 22 23 23 
22 20 22 24 22 21 20 20 21 24 22 23 20 21 22 20 22 21 20 22 
20 22 22 22 21 23 22 23 20 20 21 23 21 24 23 23 21 23 24 22 
30 28 27 30 29 29 30 27 26 31 30 27 28 27 29 30 26 26 29 27 
22 26 26 23 26 25 22 22 23 27 24 27 23 26 25 26 24 24 22 24 
32 34 33 35 29 31 33 30 31 30 32 33 29 31 35 35 35 29 35 30 
22 25 23 24 24 27 23 26 24 24 24 22 23 22 27 24 24 25 26 27 
27 23 24 22 25 24 22 26 25 22 22 25 25 23 22 22 23 24 22 26 
26 23 26 22 24 25 26 21 24 24 21 24 21 24 25 25 22 25 24 25 
24 23 23 23 20 24 23 22 22 24 22 22 21 22 24 20 22 24 21 20 
30 28 31 31 27 30 31 28 30 29 28 30 27 27 28 28 26 26 31 30 
27 24 23 23 26 23 23 23 23 25 24 27 22 23 26 23 23 25 26 26 
23 24 26 25 26 23 27 27 24 27 25 24 23 27 27 23 23 24 24 24 
0 0 0 1 1 1 1 0 1 1 1 1 1 1 0 0 1 1 0 1 
0 0 0 1 1 1 0 1 1 0 1 1 1 0 0 0 1 1 0 0 
0 1 1 1 0 0 0 0 1 0 0 1 1 0 0 1 0 1 0 0 
0 0 0 1 0 0 1 0 0 0 0 0 1 1 0 0 0 0 1 0 
1 1 0 0 0 0 0 1 0 1 0 0 0 0 1 0 0 0 1 0 
0 0 0 0 0 1 1 0 1 0 0 0 0 0 0 0 0 0 0 0 
0 1 0 0 0 0 1 1 0 0 1 1 0 0 0 0 0 0 0 0 
0 1 0 0 1 0 1 0 1 0 1 0 1 0 0 0 0 0 1 1 
1 0 1 0 1 0 0 0 0 0 0 0 1 1 0 1 1 0 1 0 
1 1 1 1 1 1 1 1 1 1 1 1 1 1 1 1 1 1 1 1 
0 0 0 0 0 0 0 0 0 0 1 0 0 0 0 0 0 0 1 0 
1 1 0 1 0 1 0 0 1 0 0 1 1 0 0 0 1 1 1 1 
1 1 0 0 0 0 0 0 0 0 1 0 0 1 0 1 0 0 0 0 
1 1 1 1 1 1 1 0 1 1 1 1 1 1 1 1 1 0 1 1 
0 0 0 0 0 0 1 0 0 1 0 0 0 0 1 0 0 0 0 0 
0 0 0 0 0 1 0 0 0 1 0 0 0 0 1 0 0 0 0 0 
1 1 1 1 1 1 1 1 0 1 1 1 1 1 1 1 1 0 1 0 
0 1 1 0 0 1 1 1 0 0 1 0 1 1 1 1 1 0 1 1 
1 1 1 1 1 1 1 1 1 1 1 1 1 1 1 1 1 0 1 0 
0 0 1 1 1 1 0 0 1 0 0 1 1 1 0 1 0 0 0 0 
0 0 0 0 0 0 0 0 0 0 0 0 0 0 0 0 1 0 1 0 
1 1 0 0 0 0 0 1 1 0 1 0 0 1 0 1 0 0 1 1 
0 0 0 0 0 0 0 0 0 0 0 0 0 0 0 0 0 0 0 1 
0 0 0 0 0 0 0 0 1 0 0 0 0 0 0 0 1 0 0 0 
1 1 1 1 1 1 1 1 1 1 1 1 1 1 1 1 1 1 1 1 
1 1 1 1 1 1 0 1 1 0 1 1 1 1 1 1 0 1 1 1 
0 1 1 1 0 0 1 0 1 1 1 0 1 0 1 0 1 0 0 0 
1 1 1 1 1 1 1 1 1 0 1 1 1 1 1 1 1 1 1 1 
0 0 0 0 0 0 0 1 0 0 0 0 0 0 1 0 0 0 0 0 
0 0 1 0 0 0 0 0 0 0 1 0 1 1 0 0 1 1 0 0 
1 1 1 1 1 1 1 1 1 1 1 1 1 1 1 0 1 1 1 1 
1 1 0 1 0 1 1 1 1 1 1 1 1 1 1 1 1 1 1 1 
0 1 1 1 1 0 0 1 0 0 0 0 1 0 0 0 1 1 1 1 
0 0 1 1 1 0 1 0 0 0 1 1 1 1 1 1 1 1 0 0 
1 1 1 1 1 1 1 1 1 1 1 1 1 1 1 1 1 1 1 1 
0 1 0 0 1 0 1 1 1 1 0 0 1 1 0 0 0 1 0 0 
0 0 0 0 0 0 0 0 0 0 0 0 0 0 0 1 1 0 0 0 
0 0 0 1 1 1 1 1 0 0 0 1 0 0 0 0 0 0 0 0 
0 1 1 1 1 1 1 0 0 0 0 1 1 0 1 1 1 1 1 1 
1 1 1 1 1 1 1 1 1 1 1 1 1 1 1 1 1 1 1 1 
0 0 1 0 0 0 0 0 0 0 0 0 0 0 0 0 0 0 0 0 
1 1 1 1 0 1 0 1 1 0 1 1 0 0 1 0 0 0 1 1 
0 0 0 0 0 0 0 0 0 0 0 0 0 1 0 0 0 0 0 0 
1 1 1 1 1 1 1 1 1 1 0 1 1 1 1 1 1 0 1 0 
0 0 0 0 0 1 1 1 0 0 0 0 0 1 0 1 0 0 0 0 
0 1 0 0 1 0 1 0 0 0 0 1 0 1 0 0 0 0 0 1 
0 0 0 0 0 1 1 1 0 0 1 0 1 0 1 0 0 1 0 1 
1 1 1 1 1 1 1 1 1 1 1 1 1 1 0 1 1 0 0 1 
1 0 1 1 1 1 0 1 0 0 1 1 0 0 1 0 1 1 1 0 
1 1 0 0 0 1 0 0 1 1 0 1 1 0 1 1 0 0 0 1 
1 0 1 1 0 1 1 1 1 0 1 1 0 1 1 1 1 1 1 1 
0 0 0 0 1 0 0 0 0 0 0 0 0 0 0 0 1 1 1 0 
0 0 0 0 0 1 1 1 0 1 0 0 1 1 0 0 0 0 0 0 
1 1 1 1 1 1 1 1 1 1 1 1 1 1 1 1 1 1 0 1 
1 1 0 1 1 0 1 1 1 1 1 1 1 1 1 1 0 0 1 1 
0 0 0 0 0 0 1 0 1 0 1 0 0 1 1 0 0 1 1 0 
1 1 1 0 1 1 1 1 0 1 1 1 0 1 1 1 1 0 1 1 
0 0 0 0 0 1 0 0 0 0 0 0 0 0 1 0 0 0 0 0 
0 1 0 1 0 1 0 1 1 0 1 1 1 1 0 1 1 0 1 1 
1 1 1 1 1 1 1 1 1 1 1 1 1 0 1 1 1 1 1 1 
0 1 0 0 0 1 0 0 1 0 1 0 0 0 1 0 0 1 0 0 
0 0 1 0 0 1 0 0 0 0 0 0 0 0 0 0 0 0 0 0 
1 1 1 1 0 1 1 1 1 1 1 1 0 1 0 0 1 1 0 0 
1 1 1 1 1 0 1 1 1 1 1 1 1 1 1 1 1 0 1 1 
0 0 0 0 0 0 1 0 1 0 0 0 0 0 0 0 0 0 0 0 
1 1 1 0 1 1 0 0 1 0 1 1 1 1 1 0 1 1 0 1 
1 1 1 1 1 1 0 1 1 1 0 1 1 1 1 1 1 1 1 1 
0 0 0 0 0 0 0 0 0 0 1 1 0 0 0 0 0 0 0 1 
0 1 0 0 1 1 0 0 1 0 0 1 0 1 0 0 1 1 1 1 
0 1 0 0 0 0 0 0 0 1 0 0 0 0 0 0 0 0 1 0 
1 1 0 0 1 0 1 1 0 1 0 1 1 1 0 1 1 0 1 1 
1 1 1 0 0 0 0 1 1 1 1 0 1 1 1 1 1 1 0 0 
0 0 0 0 1 1 1 1 0 0 0 0 1 0 1 0 1 0 1 0 
1 0 0 1 0 1 0 0 0 1 1 0 0 1 0 1 1 1 1 1 
0 1 1 1 1 1 1 1 1 1 1 1 1 1 0 1 1 1 1 1 
0 0 0 0 0 0 0 0 0 0 0 0 0 0 0 0 1 0 0 0 
0 1 0 0 1 1 1 1 1 1 1 1 1 0 0 0 1 1 1 0 
0 0 0 1 1 0 1 1 1 0 1 1 0 0 0 1 1 1 1 1 
1 1 1 1 1 0 1 1 0 0 1 1 0 1 0 0 1 1 0 1 
0 0 1 0 0 0 0 1 0 0 0 0 0 0 0 0 0 0 0 0 
0 1 0 0 0 1 0 0 0 0 1 1 1 0 1 0 1 1 1 0 
1 1 1 1 1 0 1 0 1 0 0 1 1 1 1 1 1 1 1 1 
1 1 1 1 0 1 0 1 0 1 0 1 0 0 0 0 0 0 0 0 
0 1 0 0 0 1 1 1 0 0 1 0 0 0 0 0 0 1 0 0 
0 0 1 1 1 1 1 0 0 1 1 1 1 1 1 1 1 1 0 1 
0 0 1 1 0 0 1 1 1 0 1 0 1 0 1 1 0 0 1 0 
0 1 0 0 0 1 0 0 0 0 1 1 1 0 0 0 0 1 1 0 
1 0 0 1 1 0 0 0 1 0 0 0 0 0 0 0 0 0 0 0 
0 1 0 1 1 0 1 1 1 1 1 1 1 1 1 1 1 1 1 1 
0 0 0 0 0 0 1 1 0 0 0 0 0 0 0 1 0 0 0 0 
0 0 0 0 1 0 0 0 1 1 1 0 0 0 0 0 0 0 0 0 
1 0 1 1 0 0 1 1 0 1 1 1 0 0 0 1 0 1 1 0 
0 0 0 0 0 0 0 0 0 0 0 0 0 0 1 1 0 0 0 1 
1 0 1 0 1 1 0 1 0 0 0 1 0 1 0 1 0 1 0 1 
1 1 1 1 0 1 1 1 1 0 1 1 1 1 1 1 1 1 1 1 
0 0 0 1 1 1 1 0 0 0 0 1 0 1 0 0 0 1 1 0 
1 0 1 1 1 1 0 1 1 1 0 1 1 1 1 1 1 1 1 1 
0 0 0 0 0 1 1 0 0 0 0 0 1 1 1 0 1 0 0 0 
0 1 0 1 1 1 0 1 0 1 0 1 0 1 1 1 1 0 1 1 
0 0 0 1 1 1 0 0 0 1 0 1 1 1 0 1 1 0 1 1 
1 1 1 1 1 0 1 1 1 1 1 1 1 1 1 0 1 1 1 1 
0 0 0 0 0 0 0 0 0 1 0 0 1 1 1 1 1 0 0 0 
0 0 0 0 0 0 0 0 1 1 0 0 0 0 0 0 0 1 0 0 
1 1 0 1 1 1 1 1 0 1 1 1 1 1 1 1 1 1 1 0 
1 0 0 1 0 0 1 0 1 1 0 1 1 1 0 1 0 1 1 1 
1 1 1 1 1 1 1 1 1 1 1 1 1 1 1 1 1 1 1 1 
0 0 1 1 1 0 0 1 0 1 1 1 1 0 1 1 0 1 0 1 
0 1 1 1 1 1 1 1 0 0 1 1 0 0 1 1 1 1 1 1 
0 1 1 1 1 1 0 0 0 0 0 0 1 0 1 0 0 0 0 0 
1 0 1 1 0 1 1 1 1 0 0 0 1 1 0 1 0 0 0 0 
1 1 1 1 1 1 1 1 1 1 1 0 1 1 1 1 0 1 1 1 
1 0 0 1 0 1 0 0 0 0 1 0 1 0 1 1 0 1 1 0 
1 1 1 1 0 0 1 1 0 1 1 1 1 1 1 1 1 0 1 1 
0 0 0 0 0 0 0 0 0 0 0 0 0 0 0 0 0 0 0 0 
0 0 0 0 0 0 0 0 0 0 0 0 0 0 0 0 0 0 0 0 
1 0 1 1 1 1 1 0 1 1 1 1 0 1 1 1 0 1 0 0 
1 1 1 0 1 1 1 0 0 0 0 0 1 1 1 0 1 0 0 1 
1 1 1 1 1 1 1 1 1 1 1 1 1 1 1 1 1 1 1 1 
1 1 0 0 0 0 1 0 1 1 0 0 1 1 1 1 0 1 0 1 
0 0 0 0 0 0 0 0 0 0 0 0 0 0 0 0 0 0 0 0 
0 0 0 0 0 0 1 1 1 1 0 0 0 0 0 0 0 1 0 0 
1 0 1 0 1 0 1 0 1 0 0 1 0 1 1 0 1 1 0 0 
1 0 1 1 1 1 1 1 1 1 1 1 1 1 1 1 1 1 1 1 
1 1 1 1 0 1 0 1 1 0 1 1 1 0 1 1 1 0 0 0 
1 0 1 1 0 1 1 0 0 1 1 0 1 0 0 1 0 0 1 0 
1 1 1 1 1 1 1 1 1 1 1 1 1 1 1 1 1 1 1 1 
0 1 1 1 1 1 1 1 1 1 1 1 1 1 1 1 1 1 1 1 
0 1 1 0 0 0 1 0 1 1 0 1 1 0 0 1 1 0 1 1 
1 1 1 1 1 1 1 1 1 1 1 1 0 1 1 1 1 1 1 1 
0 0 0 0 0 0 0 0 0 0 0 0 0 0 0 0 1 1 0 0 
1 1 1 1 1 0 1 0 0 0 0 0 1 0 1 0 0 1 1 0 
1 1 1 1 0 1 1 0 1 1 1 1 1 1 0 1 1 1 0 0 
1 1 1 1 1 0 0 0 1 1 0 0 0 1 0 0 1 0 0 0 
1 0 0 1 0 1 1 0 1 0 1 1 0 1 0 0 1 1 1 1 
1 1 0 0 0 1 0 0 1 1 1 0 1 0 0 0 1 0 1 1 
0 0 1 0 1 1 1 0 0 1 0 0 1 0 1 1 1 1 1 0 
1 1 1 0 0 0 1 1 0 0 0 0 1 0 1 0 1 1 0 0 
1 1 1 1 1 1 1 1 1 1 1 1 1 1 1 0 1 0 1 1 
1 1 1 1 1 1 1 1 1 1 1 1 1 1 1 1 1 1 0 1 
0 0 0 0 0 0 0 0 1 0 0 0 0 1 1 1 0 0 0 0 
0 1 1 1 0 1 1 0 1 1 1 1 1 1 1 1 1 1 1 0 
0 1 0 0 0 1 1 1 0 1 0 0 0 0 1 1 0 1 0 1 
0 1 1 1 1 1 1 1 1 1 1 1 1 1 0 1 1 1 1 1 
1 1 1 1 1 1 1 1 1 1 1 1 1 1 1 1 1 1 1 1 
0 1 1 0 1 1 0 1 1 0 1 1 1 1 1 1 1 0 1 0 
0 0 1 1 0 1 1 1 0 0 1 0 1 0 0 0 0 0 0 0 
0 0 0 0 0 0 0 0 1 0 0 0 0 0 0 0 0 0 0 0 
1 0 1 0 0 1 0 1 0 1 0 0 1 1 0 1 0 0 1 0 
1 1 0 0 0 0 0 0 0 0 0 0 0 0 0 0 0 0 0 0 
1 0 0 1 1 1 1 0 0 1 0 0 1 1 0 1 0 0 0 1 
0 0 1 1 0 1 0 1 0 0 0 0 0 0 1 0 0 0 0 0 
1 1 0 0 1 0 1 1 0 0 0 0 0 0 1 0 1 1 0 1 
1 0 1 0 1 1 1 1 0 1 0 1 0 0 1 1 1 1 1 0 
0 0 0 0 0 0 0 0 0 0 0 0 0 0 0 0 0 0 0 0 
1 1 1 0 0 1 0 1 1 0 0 0 0 0 0 0 0 1 0 0 
1 1 0 1 1 0 1 0 0 1 0 0 0 1 1 1 1 0 1 0 
1 0 0 0 1 0 1 0 1 0 0 0 1 0 0 0 0 0 1 0 
0 0 1 1 0 1 0 1 1 1 1 0 1 1 0 0 1 0 1 0 
1 1 1 1 0 1 1 1 1 1 1 1 1 1 1 0 1 1 1 1 
1 0 1 1 1 1 1 0 1 1 1 1 1 0 1 1 1 1 1 1 
1 1 1 1 1 1 0 1 1 1 0 0 1 1 0 0 0 1 1 1 
1 1 1 1 1 1 1 1 1 1 1 1 1 1 1 1 1 1 1 1 
1 1 1 1 1 1 1 1 1 1 0 1 1 1 1 1 1 1 1 1 
0 0 0 0 0 0 0 0 0 0 1 1 0 0 0 0 0 0 0 0 
0 1 0 1 0 1 0 1 0 0 0 0 1 0 0 0 0 0 0 0 
0 1 0 0 1 0 1 0 1 0 1 1 1 1 1 0 1 1 0 0 
1 1 1 1 1 1 1 1 1 1 1 0 1 1 1 1 1 1 1 0 
0 0 0 0 1 0 0 1 0 0 0 0 0 0 0 1 0 0 0 1 
0 0 1 0 0 1 0 0 1 0 1 0 1 0 0 0 0 0 1 1 
0 0 0 0 0 0 0 1 0 0 0 0 0 0 0 0 0 0 0 1 
1 1 1 0 1 1 1 1 1 1 0 1 1 0 1 0 1 1 0 1 
1 1 1 1 1 1 1 1 1 1 0 0 1 1 0 1 1 1 1 1 
0 0 1 0 0 0 0 0 0 0 0 0 0 0 0 0 0 0 0 0 
1 0 1 1 1 0 1 1 0 1 0 1 1 0 0 0 1 0 1 1 
0 0 0 0 0 1 1 0 0 0 0 0 1 1 0 1 0 0 1 0 
0 1 1 1 1 0 1 0 0 0 0 0 0 0 0 0 0 0 0 0 
1 0 0 1 0 0 0 0 0 0 0 0 0 0 0 1 0 1 1 1 
0 0 0 1 0 0 0 0 0 0 0 0 0 0 0 1 0 0 0 0 
0 0 0 0 0 0 0 0 0 0 0 0 1 1 1 0 0 0 0 0 
1 1 1 0 0 1 1 1 1 1 0 1 1 0 1 1 1 0 1 0 
1 0 0 1 0 1 0 1 0 1 1 1 1 1 1 1 0 1 1 1 
0 0 1 1 1 0 1 0 0 0 0 0 1 0 0 0 0 0 0 1 
1 1 1 1 1 1 1 1 1 1 1 1 1 1 1 0 1 1 1 1 
0 1 1 0 0 0 0 0 1 0 0 1 0 1 0 0 0 1 0 1 
1 1 1 1 1 1 1 1 1 1 1 1 1 1 1 1 1 1 0 1 
1 0 0 0 0 1 0 1 0 0 0 0 1 1 0 0 0 0 0 1 
0 1 0 1 0 1 0 0 0 1 0 0 0 0 0 0 1 0 0 0 
0 0 0 0 1 1 0 0 0 1 0 0 0 0 1 1 0 0 1 0 
0 0 0 1 0 1 0 1 0 0 1 1 1 1 1 0 1 1 0 1 
0 0 1 0 0 0 0 0 0 0 0 1 0 0 0 0 0 0 0 0 
0 0 0 0 0 0 0 0 1 0 1 0 0 0 0 0 0 0 1 0 
1 1 1 1 1 0 1 1 0 1 1 1 1 1 1 1 1 0 1 1 
0 0 0 0 1 0 0 0 0 0 0 1 0 0 0 0 0 1 0 0 
1 1 1 1 1 1 1 1 1 1 1 1 1 1 1 1 1 0 1 1 
1 0 0 1 1 0 1 1 1 1 1 1 0 1 0 0 0 0 1 0 
0 0 0 0 0 0 0 0 0 0 1 0 1 0 1 0 0 0 1 0 
1 0 0 1 0 1 0 0 1 1 0 1 1 0 1 0 1 1 1 0 
0 0 0 0 0 1 0 0 1 0 0 0 0 1 0 0 0 0 0 1 
0 1 0 0 0 1 0 0 0 0 0 0 1 0 0 0 0 0 0 0 
1 1 1 1 1 1 1 1 1 1 1 1 1 1 1 1 1 1 1 1 
0.03
0.18
0.25
0.12
0.01
0.04
0.3
0.12
0.16
0.07
0.11
0.08
0.18
0.1
0.19
0.23
0.04
0.24
0.23
0.26
