50 5 20
0 86 42 67 54 76 78 107 100 57 42 93 44 21 25 35 56 16 60 101 10 54 58 72 82 60 58 72 43 67 70 15 36 61 102 14 69 64 23 83 19 52 94 10 62 50 69 53 52 4 
86 0 76 23 47 18 60 23 16 51 70 7 62 97 63 75 51 70 37 19 75 49 74 27 32 71 28 30 47 43 42 86 72 80 16 77 21 46 63 6 94 81 15 78 62 87 47 72 42 85 
42 76 0 68 71 60 41 100 93 28 6 81 14 34 48 68 27 43 70 95 40 72 16 77 57 89 57 79 56 39 83 29 68 93 89 50 69 35 40 77 32 10 77 33 24 12 86 83 34 46 
67 23 68 0 24 27 65 40 34 49 61 30 54 81 42 52 49 50 14 34 56 26 71 10 43 49 10 13 25 45 22 70 49 58 39 56 2 46 44 18 78 75 36 60 61 80 28 50 36 66 
54 47 71 24 0 50 80 61 56 60 65 54 60 72 29 29 60 38 10 54 44 2 79 22 64 25 25 21 15 61 15 62 26 34 63 41 26 61 34 42 70 80 61 51 72 83 15 25 46 52 
76 18 60 27 50 0 42 41 34 33 53 21 45 84 57 72 34 62 41 37 66 52 56 36 16 76 25 40 44 25 50 73 70 84 29 70 27 27 54 22 81 64 18 67 44 70 55 75 27 76 
78 60 41 65 80 42 0 80 74 22 38 61 34 75 71 92 23 72 75 78 72 82 27 75 28 105 57 78 68 19 86 67 90 111 65 80 65 19 65 64 73 37 53 68 17 44 91 101 34 80 
107 23 100 40 61 41 80 0 7 74 93 19 86 119 83 91 75 91 52 7 96 63 97 39 51 82 49 41 66 65 51 108 88 91 16 97 38 68 84 24 117 105 28 100 85 110 56 85 66 106 
100 16 93 34 56 34 74 7 0 67 86 13 79 112 76 85 68 84 46 4 90 58 91 34 46 77 42 36 59 59 46 101 82 86 13 90 31 62 77 17 110 98 23 93 78 104 51 80 59 99 
57 51 28 49 60 33 22 74 67 0 22 55 15 58 49 70 1 50 56 70 50 62 23 59 29 84 39 62 47 11 68 49 68 90 62 58 50 7 43 53 55 30 50 47 12 36 73 80 13 59 
42 70 6 61 65 53 38 93 86 22 0 75 7 37 43 64 21 40 64 89 38 66 16 70 51 84 50 73 50 33 77 29 64 88 82 47 63 29 36 70 35 15 71 32 21 18 80 78 27 44 
93 7 81 30 54 21 61 19 13 55 75 0 67 103 70 82 56 77 44 17 82 56 78 33 33 78 35 36 54 46 47 92 79 87 9 84 28 49 70 12 100 86 11 85 65 92 53 79 48 92 
44 62 14 54 60 45 34 86 79 15 7 67 0 42 41 62 14 39 58 81 38 61 19 63 44 80 43 66 45 26 71 34 61 85 74 47 56 23 34 63 40 21 63 34 17 25 74 75 19 46 
21 97 34 81 72 84 75 119 112 58 37 103 42 0 43 56 57 35 76 114 28 73 50 87 86 81 71 89 59 68 88 11 57 82 112 35 83 65 38 95 2 41 102 21 58 37 88 74 57 25 
25 63 48 42 29 57 71 83 76 49 43 70 41 43 0 21 48 8 34 76 15 29 60 46 66 41 35 47 17 55 44 33 20 44 79 13 45 53 7 60 40 58 73 22 57 59 45 35 38 23 
35 75 68 52 29 72 92 91 85 70 64 82 62 56 21 0 69 24 39 84 29 28 81 51 84 25 48 50 28 75 43 48 3 26 91 21 54 74 28 70 54 78 87 37 79 78 41 18 58 31 
56 51 27 49 60 34 23 75 68 1 21 56 14 57 48 69 0 49 56 71 49 62 23 59 30 83 39 62 47 12 68 48 67 89 62 57 50 8 42 53 54 30 50 46 12 36 72 79 13 58 
16 70 43 50 38 62 72 91 84 50 40 77 39 35 8 24 49 0 43 84 6 38 57 55 70 48 42 55 26 57 53 25 24 50 86 8 53 55 8 67 32 54 79 14 57 54 53 41 41 15 
60 37 70 14 10 41 75 52 46 56 64 44 58 76 34 39 56 43 0 45 49 12 76 13 56 34 18 12 17 55 13 65 35 43 53 47 16 55 38 32 74 79 51 55 68 82 16 35 42 58 
101 19 95 34 54 37 78 7 4 70 89 17 81 114 76 84 71 84 45 0 90 56 94 32 50 75 42 34 59 62 44 102 81 84 17 90 31 65 77 18 111 101 27 94 81 106 49 78 61 99 
10 75 40 56 44 66 72 96 90 50 38 82 38 28 15 29 49 6 49 90 0 44 55 61 73 54 47 62 32 59 60 19 30 55 91 9 58 56 12 72 25 50 83 8 56 50 60 47 43 10 
54 49 72 26 2 52 82 63 58 62 66 56 61 73 29 28 62 38 12 56 44 0 80 24 67 23 27 22 16 63 16 62 25 31 65 40 28 63 35 44 70 81 63 51 73 84 15 23 48 51 
58 74 16 71 79 56 27 97 91 23 16 78 19 50 60 81 23 57 76 94 55 80 0 81 49 99 61 84 64 32 89 45 80 104 84 64 72 29 52 76 48 10 72 49 13 17 92 94 35 61 
72 27 77 10 22 36 75 39 34 59 70 33 63 87 46 51 59 55 13 32 61 24 81 0 52 44 20 3 29 55 14 76 48 53 41 60 9 57 49 21 85 85 42 66 71 89 20 46 46 70 
82 32 57 43 64 16 28 51 46 29 51 33 44 86 66 84 30 70 56 50 73 67 49 52 0 90 39 56 56 18 66 76 82 98 37 78 43 21 62 37 83 58 24 72 36 65 71 89 30 83 
60 71 89 49 25 76 105 82 77 84 84 78 80 81 41 25 83 48 34 75 54 23 99 44 90 0 51 41 36 86 31 73 24 9 86 46 51 86 49 65 79 99 86 62 95 100 26 7 70 57 
58 28 57 10 25 25 57 49 42 39 50 35 43 71 35 48 39 42 18 42 47 27 61 20 39 51 0 23 20 37 29 60 45 59 44 49 12 38 35 25 68 65 39 51 51 69 34 50 26 57 
72 30 79 13 21 40 78 41 36 62 73 36 66 89 47 50 62 55 12 34 62 22 84 3 56 41 23 0 29 59 11 77 47 50 44 60 13 60 50 24 86 87 45 67 74 91 17 44 49 70 
43 47 56 25 15 44 68 66 59 47 50 54 45 59 17 28 47 26 17 59 32 16 64 29 56 36 20 29 0 50 28 48 25 43 63 31 27 49 21 43 56 65 59 38 58 68 30 33 34 41 
67 43 39 45 61 25 19 65 59 11 33 46 26 68 55 75 12 57 55 62 59 63 32 55 18 86 37 59 50 0 67 59 73 93 52 65 46 3 49 46 66 41 40 57 19 47 72 83 17 68 
70 42 83 22 15 50 86 51 46 68 77 47 71 88 44 43 68 53 13 44 60 16 89 14 66 31 29 11 28 67 0 77 40 40 55 56 23 68 49 35 85 92 56 66 80 95 5 34 55 67 
15 86 29 70 62 73 67 108 101 49 29 92 34 11 33 48 48 25 65 102 19 62 45 76 76 73 60 77 48 59 77 0 49 74 101 27 72 56 27 84 8 38 91 11 50 35 78 66 46 19 
36 72 68 49 26 70 90 88 82 68 64 79 61 57 20 3 67 24 35 81 30 25 80 48 82 24 45 47 25 73 40 49 0 25 88 22 51 72 27 67 55 78 84 38 77 78 38 17 56 32 
61 80 93 58 34 84 111 91 86 90 88 87 85 82 44 26 89 50 43 84 55 31 104 53 98 9 59 50 43 93 40 74 25 0 95 47 59 92 52 74 80 103 94 63 100 104 35 10 77 57 
102 16 89 39 63 29 65 16 13 62 82 9 74 112 79 91 62 86 53 17 91 65 84 41 37 86 44 44 63 52 55 101 88 95 0 93 37 55 79 21 109 93 12 93 71 99 61 87 55 101 
14 77 50 56 41 70 80 97 90 58 47 84 47 35 13 21 57 8 47 90 9 40 64 60 78 46 49 60 31 65 56 27 22 47 93 0 59 63 16 74 33 60 87 17 64 59 56 39 49 11 
69 21 69 2 26 27 65 38 31 50 63 28 56 83 45 54 50 53 16 31 58 28 72 9 43 51 12 13 27 46 23 72 51 59 37 59 0 47 46 16 80 77 35 63 62 81 29 51 37 68 
64 46 35 46 61 27 19 68 62 7 29 49 23 65 53 74 8 55 55 65 56 63 29 57 21 86 38 60 49 3 68 56 72 92 55 63 47 0 47 48 63 37 43 54 16 43 72 82 15 65 
23 63 40 44 34 54 65 84 77 43 36 70 34 38 7 28 42 8 38 77 12 35 52 49 62 49 35 50 21 49 49 27 27 52 79 16 46 47 0 60 35 50 71 17 50 51 50 43 33 22 
83 6 77 18 42 22 64 24 17 53 70 12 63 95 60 70 53 67 32 18 72 44 76 21 37 65 25 24 43 46 35 84 67 74 21 74 16 48 60 0 92 83 21 76 64 88 41 67 43 82 
19 94 32 78 70 81 73 117 110 55 35 100 40 2 40 54 54 32 74 111 25 70 48 85 83 79 68 86 56 66 85 8 55 80 109 33 80 63 35 92 0 40 99 18 56 36 86 72 54 23 
52 81 10 75 80 64 37 105 98 30 15 86 21 41 58 78 30 54 79 101 50 81 10 85 58 99 65 87 65 41 92 38 78 103 93 60 77 37 50 83 40 0 81 43 23 6 95 93 40 55 
94 15 77 36 61 18 53 28 23 50 71 11 63 102 73 87 50 79 51 27 83 63 72 42 24 86 39 45 59 40 56 91 84 94 12 87 35 43 71 21 99 81 0 85 59 87 62 86 45 94 
10 78 33 60 51 67 68 100 93 47 32 85 34 21 22 37 46 14 55 94 8 51 49 66 72 62 51 67 38 57 66 11 38 63 93 17 63 54 17 76 18 43 85 0 52 42 67 55 42 12 
62 62 24 61 72 44 17 85 78 12 21 65 17 58 57 79 12 57 68 81 56 73 13 71 36 95 51 74 58 19 80 50 77 100 71 64 62 16 50 64 56 23 59 52 0 29 84 90 25 64 
50 87 12 80 83 70 44 110 104 36 18 92 25 37 59 78 36 54 82 106 50 84 17 89 65 100 69 91 68 47 95 35 78 104 99 59 81 43 51 88 36 6 87 42 29 0 98 94 45 54 
69 47 86 28 15 55 91 56 51 73 80 53 74 88 45 41 72 53 16 49 60 15 92 20 71 26 34 17 30 72 5 78 38 35 61 56 29 72 50 41 86 95 62 67 84 98 0 29 59 67 
53 72 83 50 25 75 101 85 80 80 78 79 75 74 35 18 79 41 35 78 47 23 94 46 89 7 50 44 33 83 34 66 17 10 87 39 51 82 43 67 72 93 86 55 90 94 29 0 67 49 
52 42 34 36 46 27 34 66 59 13 27 48 19 57 38 58 13 41 42 61 43 48 35 46 30 70 26 49 34 17 55 46 56 77 55 49 37 15 33 43 54 40 45 42 25 45 59 67 0 53 
4 85 46 66 52 76 80 106 99 59 44 92 46 25 23 31 58 15 58 99 10 51 61 70 83 57 57 70 41 68 67 19 32 57 101 11 68 65 22 82 23 55 94 12 64 54 67 49 53 0 
142 159 154 135 145 157 163 177 148 157 172 157 175 145 165 147 145 168 162 160 
159 153 175 175 157 174 162 147 147 135 136 157 160 157 159 172 136 145 172 150 
171 166 177 166 135 163 135 147 153 163 175 178 139 172 175 166 168 159 135 135 
162 138 160 144 163 141 138 166 153 135 138 144 166 136 178 171 166 135 139 141 
166 138 142 174 177 141 160 165 166 163 168 148 169 150 159 154 157 165 141 177 
165 147 144 154 153 144 148 139 147 153 148 136 159 157 175 157 166 159 145 153 
144 135 171 136 153 153 156 177 138 165 175 171 135 139 148 153 151 162 160 163 
138 175 166 163 156 163 141 142 144 153 163 156 154 154 159 172 172 136 172 177 
168 168 171 171 174 139 145 148 169 171 177 172 169 166 159 148 151 166 157 163 
142 142 141 165 162 166 159 157 169 154 157 159 144 148 150 141 154 163 154 145 
157 154 141 150 141 166 163 160 154 144 147 163 153 153 148 138 142 175 162 177 
150 139 159 159 154 177 168 175 162 142 142 142 165 148 157 175 135 142 156 156 
153 168 139 172 144 156 178 153 154 160 153 171 166 178 153 141 177 141 139 162 
150 147 169 136 162 148 177 163 159 156 142 135 147 150 175 159 172 175 135 148 
157 153 141 145 154 160 156 153 168 160 136 141 175 172 145 159 141 142 144 168 
166 153 168 136 171 165 162 163 160 162 135 139 138 141 154 157 166 175 177 156 
159 135 162 154 175 172 135 139 139 147 172 172 166 163 174 157 150 156 144 135 
141 144 139 144 150 162 169 139 157 168 162 138 171 147 159 168 142 162 172 148 
175 166 142 163 153 136 144 168 162 153 168 169 165 177 135 138 159 171 144 138 
162 171 144 156 141 169 145 148 151 139 166 148 172 174 135 145 178 144 136 162 
163 172 153 150 171 154 154 150 148 163 156 177 157 166 154 163 157 165 135 175 
172 166 145 168 163 145 135 165 156 139 150 141 178 168 159 171 145 135 142 159 
165 166 159 144 154 135 175 177 166 177 175 162 166 141 150 153 154 151 139 177 
157 154 141 156 145 168 148 157 168 157 139 154 145 165 166 166 166 162 166 157 
162 162 139 150 171 154 168 148 174 175 145 151 151 154 175 163 142 145 144 177 
169 150 154 136 136 141 171 171 169 157 150 151 139 154 168 177 177 157 148 174 
154 159 145 172 136 144 157 144 156 168 144 145 141 165 150 145 172 144 138 165 
166 153 139 174 175 172 174 172 153 142 169 175 168 136 168 171 147 148 138 171 
138 148 138 145 135 156 157 175 165 162 160 154 135 166 148 177 162 145 172 138 
153 163 178 144 168 168 136 138 139 141 175 145 154 135 157 157 159 136 153 147 
163 135 166 166 168 138 166 150 148 162 154 169 148 154 135 138 145 139 141 151 
145 139 162 168 142 141 147 169 145 165 136 175 166 171 163 156 175 153 174 145 
135 150 138 150 172 139 154 141 145 163 159 159 171 145 148 135 153 162 169 163 
148 174 162 139 165 148 160 162 168 157 175 171 175 135 142 168 141 163 175 154 
148 156 135 141 166 150 142 141 135 135 174 148 174 159 154 162 172 136 147 162 
160 145 154 156 145 162 145 154 148 141 175 165 165 177 172 154 148 136 162 148 
138 159 163 177 138 141 162 177 144 175 162 171 142 138 150 154 168 162 175 138 
171 172 171 159 171 163 135 139 168 163 154 171 144 141 171 148 150 157 148 162 
154 175 154 163 135 171 139 171 154 136 175 147 175 166 174 166 151 174 174 139 
160 150 178 169 159 172 139 175 150 153 159 172 150 135 156 153 172 162 144 150 
163 141 165 162 174 159 150 148 154 145 156 136 165 157 172 145 153 178 144 171 
154 168 163 172 169 141 145 165 168 159 138 154 168 168 138 163 150 156 135 171 
169 157 175 154 138 169 166 157 171 175 148 145 166 178 141 159 141 154 144 177 
135 148 153 169 139 159 154 154 138 157 148 172 136 144 150 139 136 136 162 174 
135 177 142 169 177 148 148 139 169 162 139 171 177 160 163 136 141 141 159 144 
163 175 139 168 141 156 172 144 160 157 139 162 157 148 153 154 163 168 162 156 
151 168 150 150 150 136 154 156 142 135 168 172 177 175 160 139 151 156 150 177 
136 157 162 159 172 135 135 159 171 165 136 144 154 154 160 169 157 135 148 166 
138 139 162 136 135 144 142 151 168 160 150 171 139 178 150 135 135 153 159 171 
139 163 136 160 139 163 153 163 163 168 153 168 172 136 172 175 145 135 150 135 
3 3 3 3 3 3 3 3 3 3 3 3 3 3 3 3 3 3 3 3 
14 16 16 14 16 15 17 15 15 16 15 16 14 14 15 16 16 14 14 14 
1 1 1 1 1 1 1 1 1 1 1 1 1 1 1 1 1 1 1 1 
17 16 16 14 14 14 16 17 15 16 14 14 14 14 14 14 14 16 15 17 
23 23 19 19 19 20 22 22 21 23 22 21 22 21 21 22 22 20 22 19 
2 2 2 2 2 2 2 2 2 2 2 2 2 2 2 2 2 2 2 2 
14 16 17 17 15 16 16 15 17 15 16 14 15 14 17 16 16 16 14 15 
7 6 7 6 6 6 7 6 7 7 6 7 7 6 7 6 6 7 7 6 
7 7 8 8 8 7 7 8 7 8 7 7 7 7 8 7 7 7 8 7 
6 6 6 6 7 6 7 6 7 7 6 6 6 6 7 6 7 6 7 6 
12 12 10 10 12 10 11 11 11 10 11 10 11 11 11 11 11 10 11 11 
18 19 21 20 19 21 21 18 18 20 19 18 20 21 19 20 21 18 18 19 
3 3 3 3 3 3 3 3 3 3 3 3 3 3 3 3 3 3 3 3 
6 7 7 6 6 6 7 6 6 7 7 7 6 6 7 7 6 6 6 6 
20 24 23 23 23 24 20 20 23 22 24 21 21 23 21 24 20 20 20 22 
4 4 4 4 4 4 4 4 4 4 4 4 4 4 4 4 4 4 4 4 
15 17 14 16 16 16 16 17 16 17 15 16 17 17 17 14 15 14 15 15 
12 11 12 13 12 12 12 13 12 13 13 11 12 11 13 12 13 12 12 12 
22 22 20 22 22 20 23 19 22 20 22 20 20 20 19 22 19 23 22 21 
17 17 17 17 18 17 15 18 17 16 17 16 16 15 15 15 16 15 16 15 
16 15 17 17 17 17 17 17 17 16 16 16 15 15 15 18 18 15 18 16 
4 4 4 4 4 4 4 4 4 4 4 4 4 4 4 4 4 4 4 4 
13 15 13 13 15 13 13 15 14 13 13 14 15 13 14 14 13 16 15 16 
15 13 14 15 16 14 14 15 14 15 13 15 15 14 15 14 15 13 13 14 
5 5 5 5 5 5 5 5 5 5 5 5 5 5 5 5 5 6 5 5 
19 18 19 18 16 19 16 19 19 17 17 17 19 16 18 18 17 18 17 19 
3 3 3 3 3 3 3 3 3 3 3 3 3 3 3 3 3 3 3 3 
7 7 7 7 7 7 7 7 8 8 7 8 8 7 7 7 8 7 7 7 
17 15 14 17 16 14 14 15 14 14 15 16 16 16 14 14 17 15 14 16 
17 18 18 21 19 20 18 18 18 19 18 18 18 19 18 20 20 19 19 17 
3 3 3 3 3 3 3 3 3 3 3 3 3 3 3 3 3 3 3 3 
3 3 3 3 3 3 3 3 3 3 3 3 3 3 3 3 3 3 3 3 
12 12 13 14 12 13 14 12 14 12 12 14 12 14 14 13 12 12 14 14 
14 16 16 14 15 14 17 14 14 16 14 15 17 16 15 14 14 15 14 14 
23 23 24 23 22 24 21 24 21 21 23 22 24 22 22 21 23 22 23 23 
13 15 14 13 14 15 14 15 13 15 16 15 14 13 14 16 16 15 15 14 
10 11 11 10 10 10 11 12 11 10 11 12 12 10 10 11 12 11 10 10 
9 9 10 10 9 9 10 9 9 10 10 10 9 10 10 9 10 9 9 10 
6 6 6 6 6 6 7 6 6 6 6 6 6 6 7 7 6 6 6 7 
18 22 20 19 19 19 21 19 20 18 21 18 19 19 20 20 22 20 21 18 
8 7 7 7 7 7 7 8 7 7 8 7 7 7 7 8 8 7 7 7 
23 24 22 20 22 20 24 22 23 23 23 21 24 20 22 20 22 23 24 23 
10 10 10 9 9 9 10 11 10 11 9 10 11 11 10 10 9 10 9 10 
1 1 1 1 1 1 1 1 1 1 1 1 1 1 1 1 1 1 1 1 
8 9 8 8 9 9 9 8 9 9 9 8 9 8 8 9 8 9 8 9 
6 5 6 5 5 5 5 5 5 5 5 5 5 5 5 5 5 5 5 5 
1 1 1 1 1 1 1 1 1 1 1 1 1 1 1 1 1 1 1 1 
7 7 7 7 7 8 8 8 7 7 8 8 7 7 7 8 8 8 7 8 
9 9 9 10 10 9 10 11 10 10 9 11 10 10 10 11 10 9 10 9 
2 2 2 2 2 2 2 2 2 2 2 2 2 2 2 2 2 2 2 2 
0 0 0 0 0 0 1 0 0 0 1 0 0 0 0 0 0 0 0 0 
0 0 0 0 0 0 0 0 0 0 0 0 0 0 0 1 1 0 0 0 
1 1 1 1 1 1 1 1 1 1 1 1 1 1 1 1 0 1 1 1 
0 0 0 1 0 1 0 0 0 0 0 0 0 0 0 0 0 0 0 0 
0 0 0 0 0 0 0 0 1 0 0 1 0 0 0 0 0 0 0 0 
0 0 1 1 1 0 0 1 0 0 1 0 0 0 1 0 0 1 0 0 
1 1 1 1 1 1 1 1 1 1 1 1 0 1 1 1 1 1 1 1 
0 0 0 0 1 0 0 0 0 0 1 1 0 0 1 0 1 1 0 0 
1 1 1 1 1 1 1 1 0 1 1 1 1 1 1 1 1 1 1 0 
0 0 0 0 0 0 0 0 0 0 0 0 0 1 0 0 0 0 0 0 
0 0 0 0 0 0 0 1 0 0 1 1 1 0 0 1 0 1 0 1 
1 1 0 1 1 1 1 1 1 1 1 1 1 1 1 1 1 1 1 1 
0 0 1 0 0 0 1 0 0 1 1 1 1 1 0 0 0 1 0 1 
0 1 0 0 0 1 1 1 0 0 0 1 0 0 0 0 0 0 1 0 
1 0 0 0 1 1 0 1 1 1 0 0 0 0 0 0 0 0 1 1 
0 0 0 1 0 0 0 0 1 1 0 0 0 0 1 1 0 1 0 0 
1 0 0 1 0 0 0 1 0 0 0 1 1 0 0 1 0 0 1 0 
1 1 1 0 1 1 1 1 1 1 1 1 1 1 0 1 0 0 1 1 
0 0 0 1 0 1 0 0 0 1 1 0 0 1 0 1 1 1 1 0 
1 0 1 1 0 1 1 1 0 1 1 1 1 1 0 1 1 1 0 1 
1 1 0 1 0 1 1 1 1 1 1 1 1 1 1 1 1 1 1 0 
0 0 0 0 0 1 0 0 1 0 1 0 0 0 0 0 0 0 0 0 
0 0 0 1 0 0 1 0 0 0 0 0 0 1 0 0 0 1 0 0 
0 1 0 1 0 0 0 1 0 1 0 0 0 0 0 0 0 0 0 0 
0 0 0 0 0 0 0 0 0 0 0 0 0 0 0 0 1 0 0 0 
0 0 0 0 0 0 0 0 1 0 0 1 0 0 0 0 0 0 0 0 
1 1 0 0 0 0 1 0 0 1 1 1 1 1 0 1 0 1 1 0 
1 1 0 1 1 0 0 0 1 0 1 0 1 1 1 1 0 0 0 1 
1 0 0 0 0 0 0 1 0 1 1 0 1 0 1 1 0 1 0 0 
1 0 0 0 1 1 0 0 0 1 0 1 0 1 0 1 1 1 1 0 
1 0 1 1 1 0 1 0 1 0 0 1 0 0 1 1 0 0 0 0 
1 1 1 1 0 1 1 1 1 1 1 1 0 1 1 0 1 0 1 1 
1 1 1 1 1 1 0 1 1 1 1 1 0 1 0 1 0 1 1 1 
0 0 0 1 0 1 0 0 0 0 0 0 0 0 1 0 0 1 0 0 
1 1 1 0 0 1 1 1 0 1 1 1 0 1 0 0 1 1 0 1 
1 1 1 1 1 1 0 1 1 1 1 1 1 1 1 1 1 1 1 1 
1 1 1 1 1 1 1 1 1 1 1 0 1 1 1 0 1 1 1 1 
0 0 0 0 0 1 0 1 0 1 0 1 0 0 0 1 1 0 0 0 
0 1 0 0 1 0 0 1 1 1 1 1 0 0 0 1 1 0 1 1 
1 1 1 1 1 1 0 0 1 1 1 0 1 1 1 1 1 1 0 1 
0 1 1 0 0 0 1 0 1 0 1 1 0 1 1 1 1 1 0 0 
1 1 0 1 1 1 0 1 0 1 0 1 0 1 0 1 0 1 1 0 
1 0 0 0 0 0 0 0 1 1 0 1 1 1 0 1 1 0 0 0 
1 1 1 0 1 0 1 1 0 1 0 1 1 1 1 1 0 0 0 1 
0 1 0 1 1 1 1 1 1 0 1 1 1 1 0 1 1 1 0 0 
0 0 0 0 0 0 0 0 0 0 0 0 0 0 0 1 0 0 0 0 
1 0 0 0 0 0 0 1 0 0 0 0 0 0 0 0 0 0 1 0 
0 0 0 1 0 0 0 0 0 0 0 0 0 0 0 0 1 0 1 0 
0 1 1 1 0 0 1 0 1 1 0 1 1 0 1 1 1 1 1 1 
1 1 1 1 1 0 1 1 0 1 1 1 0 1 1 0 0 1 0 0 
1 1 1 1 1 0 0 1 1 1 1 0 0 1 0 1 1 1 1 1 
0 0 0 0 0 0 0 0 1 0 0 0 1 0 0 1 0 1 0 0 
1 0 0 1 0 0 0 1 0 0 0 1 1 1 0 0 0 0 0 0 
1 0 1 1 0 1 1 1 1 0 1 1 1 0 0 1 1 0 0 0 
0 0 1 1 1 1 0 1 1 1 1 1 1 1 1 1 1 1 1 0 
1 1 1 0 1 1 0 1 1 1 1 1 1 1 1 1 1 0 1 0 
0 0 1 0 0 1 0 1 1 0 1 1 1 1 0 0 1 1 0 0 
1 0 0 0 0 0 0 0 0 1 1 1 1 0 0 0 0 1 0 0 
0 0 0 0 1 1 0 1 0 1 0 1 0 1 0 1 1 1 1 1 
1 1 1 1 0 1 1 1 1 0 1 1 0 1 0 0 1 1 0 1 
1 1 1 1 1 1 1 1 1 1 1 1 1 1 1 1 1 1 1 1 
1 1 0 0 1 0 1 1 0 0 0 0 1 0 1 0 0 0 0 1 
0 1 0 1 1 1 1 1 1 1 0 0 1 0 0 0 0 0 0 0 
0 0 1 1 0 1 0 1 0 0 1 0 1 1 0 1 1 1 0 0 
1 1 1 1 1 1 1 0 1 1 1 1 1 0 0 1 1 1 1 1 
0 0 0 0 0 0 0 0 0 0 0 0 0 0 0 0 0 0 0 1 
1 1 1 1 1 1 1 1 0 1 1 1 1 1 1 1 0 1 0 0 
0 0 1 1 1 1 1 1 0 0 1 0 1 1 1 0 1 0 1 0 
1 1 1 0 1 0 1 1 0 1 0 1 0 1 0 1 1 1 0 1 
0 0 0 0 0 1 0 0 0 1 0 0 1 0 0 1 0 0 0 1 
1 1 0 1 1 0 1 1 1 0 0 0 1 0 1 1 1 1 1 1 
1 1 1 1 1 0 1 1 1 1 1 1 1 1 1 1 1 1 1 1 
0 1 1 1 0 1 1 1 1 1 1 0 0 1 0 0 1 1 0 1 
1 1 1 1 1 1 1 1 1 1 1 1 1 1 1 1 1 1 1 1 
0 0 0 1 0 0 0 0 1 1 0 1 1 1 0 0 0 0 1 0 
1 1 0 1 1 1 1 1 1 1 0 1 1 1 1 1 0 1 1 1 
1 0 1 0 0 0 0 0 0 0 1 0 0 1 0 1 1 1 0 1 
1 1 1 1 1 1 1 1 1 1 1 1 1 1 1 1 1 1 1 1 
0 1 0 0 0 1 0 1 1 1 1 0 0 0 0 0 0 0 1 0 
1 1 1 1 1 1 1 1 1 1 1 1 1 1 1 1 1 0 1 1 
1 0 0 0 0 0 0 0 0 1 0 0 0 0 0 0 0 0 1 0 
1 1 0 1 0 1 1 1 0 1 1 0 1 1 1 1 1 1 1 1 
0 1 1 1 1 1 1 1 1 1 1 1 1 1 0 1 1 1 1 1 
1 1 1 1 0 1 1 1 1 1 1 1 1 1 1 1 1 1 1 1 
1 1 1 1 0 1 1 1 1 1 1 1 1 1 1 1 1 0 0 0 
0 0 0 1 1 0 1 0 1 1 1 1 0 0 1 1 1 1 1 1 
1 1 1 1 1 1 1 0 1 1 1 0 1 1 0 1 1 1 1 1 
1 1 1 1 1 0 1 1 1 1 0 1 1 1 0 1 1 0 1 1 
1 1 1 1 1 1 0 1 0 0 0 1 1 0 1 1 0 0 0 1 
1 0 1 1 1 1 1 1 1 0 1 1 1 1 1 1 1 1 1 1 
1 1 1 1 1 1 1 1 1 0 1 1 1 1 1 1 1 1 1 1 
0 0 0 1 0 1 0 1 0 0 0 1 1 0 0 0 0 1 0 0 
1 1 1 1 0 1 1 1 1 1 1 1 1 1 1 1 1 0 1 1 
1 1 1 1 1 1 1 1 1 1 1 0 1 1 0 1 1 1 1 1 
0 0 0 0 0 0 0 0 0 1 0 0 0 1 0 0 0 0 1 0 
1 0 0 0 0 1 1 1 0 0 1 0 1 0 0 0 0 1 0 0 
0 0 0 0 0 0 0 0 0 0 0 0 0 0 0 1 0 0 0 0 
1 0 1 1 1 1 1 0 1 1 1 1 0 1 1 0 1 1 1 1 
1 0 1 1 1 1 1 1 1 1 1 0 1 0 1 1 1 1 1 1 
0 0 0 0 0 0 1 0 0 0 1 0 0 0 0 0 0 0 0 1 
0.2
0.2
0.2
0.2
0.2
0.2
0.2
0.2
0.2
0.2
0.2
0.2
0.2
0.2
0.2
0.2
0.2
0.2
0.2
0.2
