50 5 10
0 33 60 18 67 89 22 9 26 94 33 28 9 10 66 40 73 95 38 57 23 59 79 50 62 62 30 23 41 41 49 28 41 72 22 96 12 48 30 32 43 23 10 28 52 21 56 70 46 75 
33 0 80 50 89 100 55 25 58 83 40 10 24 25 92 41 76 84 42 63 44 58 75 66 39 57 46 51 47 49 63 61 50 92 52 115 44 70 63 63 42 41 23 61 55 54 70 93 13 73 
60 80 0 48 10 35 57 59 47 77 40 70 64 69 20 44 41 77 42 31 38 45 55 15 79 53 33 37 37 33 18 58 32 12 41 36 63 12 51 37 45 39 63 48 37 52 15 14 87 51 
18 50 48 0 53 80 10 25 8 98 35 44 26 28 50 44 71 99 42 54 19 61 80 42 73 66 27 11 42 40 42 15 39 59 7 83 15 36 14 14 47 22 27 11 52 6 48 56 62 76 
67 89 10 53 0 37 61 68 51 86 50 79 72 77 12 55 50 86 52 41 46 55 64 26 89 63 43 44 48 44 29 62 43 8 46 30 69 19 54 41 56 49 72 52 48 56 25 3 97 60 
89 100 35 80 37 0 90 85 81 61 60 89 90 96 49 59 30 61 57 36 66 46 42 39 84 52 59 69 53 50 40 93 50 29 73 29 95 46 86 72 58 66 90 83 45 85 33 38 103 40 
22 55 57 10 61 90 0 31 10 108 46 50 31 30 56 54 82 109 52 65 30 72 91 52 82 77 37 22 53 51 52 6 50 68 17 91 12 45 10 20 57 33 32 10 63 5 58 63 68 87 
9 25 59 25 68 85 31 0 33 85 27 19 5 11 69 32 67 86 32 52 21 52 71 48 52 55 27 26 35 36 46 37 36 72 27 96 22 49 39 38 35 20 4 36 45 30 53 71 37 68 
26 58 47 8 51 81 10 33 0 103 41 52 34 36 46 50 75 104 48 58 25 66 84 44 81 72 32 15 47 45 44 11 44 58 10 81 20 35 6 10 53 29 35 3 57 5 50 53 71 80 
94 83 77 98 86 61 108 85 103 0 62 76 90 95 97 54 36 1 56 48 78 37 21 66 47 31 71 88 55 58 63 113 59 81 93 90 105 80 110 99 51 75 88 106 46 104 63 88 78 25 
33 40 40 35 50 60 46 27 41 62 0 30 32 38 55 8 40 63 6 25 16 26 46 25 43 31 11 26 8 9 22 51 9 52 31 75 43 33 48 39 11 12 31 44 18 42 29 54 47 42 
28 10 70 44 79 89 50 19 52 76 30 0 19 23 83 31 66 77 31 53 34 49 66 55 36 48 36 42 36 39 53 56 39 82 45 105 40 60 58 56 32 31 18 55 45 49 60 83 19 64 
9 24 64 26 72 90 31 5 34 90 32 19 0 6 73 37 72 91 36 57 26 57 76 52 54 59 32 29 40 41 51 37 41 76 30 101 20 53 39 40 40 25 1 37 50 30 58 76 37 73 
10 25 69 28 77 96 30 11 36 95 38 23 6 0 77 43 78 96 42 63 31 63 82 58 59 65 37 33 46 47 56 36 47 81 33 106 19 58 40 43 46 30 7 38 56 31 64 80 38 79 
66 92 20 50 12 49 56 69 46 97 55 83 73 77 0 61 61 97 59 51 48 65 75 34 97 73 46 43 55 50 37 56 50 19 44 37 66 22 47 36 63 51 72 46 57 52 35 11 101 71 
40 41 44 44 55 59 54 32 50 54 8 31 37 43 61 0 36 55 3 22 25 19 39 29 35 22 19 35 7 11 26 60 12 55 40 77 51 39 57 48 2 21 36 53 14 50 31 59 45 35 
73 76 41 71 50 30 82 67 75 36 40 66 72 78 61 36 0 36 36 17 52 18 15 32 54 22 45 60 32 32 31 86 32 45 65 56 83 46 81 68 34 51 71 77 22 77 28 52 77 11 
95 84 77 99 86 61 109 86 104 1 63 77 91 96 97 55 36 0 57 48 79 37 21 66 48 32 72 88 56 59 64 114 59 81 94 90 106 80 110 99 52 76 89 107 47 105 63 89 79 26 
38 42 42 42 52 57 52 32 48 56 6 31 36 42 59 3 36 57 0 21 22 21 40 26 38 24 16 32 5 8 23 57 9 53 38 75 49 36 54 45 5 19 35 51 14 48 29 56 47 36 
57 63 31 54 41 36 65 52 58 48 25 53 57 63 51 22 17 48 21 0 35 14 27 18 50 22 28 43 17 16 15 69 16 38 48 57 66 31 64 52 21 34 56 61 9 60 16 44 67 23 
23 44 38 19 46 66 30 21 25 78 16 34 26 31 48 25 52 79 22 35 0 41 60 27 57 46 7 10 22 20 26 35 20 50 15 74 30 27 32 24 27 4 25 28 32 26 33 50 54 56 
59 58 45 61 55 46 72 52 66 37 26 49 57 63 65 19 18 37 21 14 41 0 19 31 38 8 34 50 19 21 28 77 22 52 56 69 70 44 73 62 17 39 56 69 9 67 30 58 59 15 
79 75 55 80 64 42 91 71 84 21 46 66 76 82 75 39 15 21 40 27 60 19 0 45 46 18 53 69 38 39 43 95 40 60 75 70 89 59 91 79 36 58 75 87 27 86 41 67 73 4 
50 66 15 42 26 39 52 48 44 66 25 55 52 58 34 29 32 66 26 18 27 31 45 0 63 39 20 30 21 18 3 55 17 26 35 49 56 13 49 36 29 27 52 46 23 47 6 29 72 40 
62 39 79 73 89 84 82 52 81 47 43 36 54 59 97 35 54 48 38 50 57 38 46 63 0 31 54 67 42 46 60 88 47 89 72 107 74 74 87 81 33 53 53 84 42 79 64 93 32 46 
62 57 53 66 63 52 77 55 72 31 31 48 59 65 73 22 22 32 24 22 46 8 18 39 31 0 40 56 24 27 36 82 28 60 62 77 74 52 78 68 20 43 58 75 16 73 38 66 56 16 
30 46 33 27 43 59 37 27 32 71 11 36 32 37 46 19 45 72 16 28 7 34 53 20 54 40 0 16 15 13 19 42 12 46 22 69 37 24 38 28 22 7 31 35 25 33 26 46 55 49 
23 51 37 11 44 69 22 26 15 88 26 42 29 33 43 35 60 88 32 43 10 50 69 30 67 56 16 0 32 29 30 26 29 49 5 74 26 25 22 14 38 14 29 18 41 17 36 47 62 65 
41 47 37 42 48 53 53 35 47 55 8 36 40 46 55 7 32 56 5 17 22 19 38 21 42 24 15 32 0 4 18 58 5 48 37 70 51 32 54 44 8 20 39 50 10 48 24 51 52 34 
41 49 33 40 44 50 51 36 45 58 9 39 41 47 50 11 32 59 8 16 20 21 39 18 46 27 13 29 4 0 15 55 1 44 35 66 50 28 51 41 12 18 40 48 12 46 21 47 55 35 
49 63 18 42 29 40 52 46 44 63 22 53 51 56 37 26 31 64 23 15 26 28 43 3 60 36 19 30 18 15 0 56 14 29 35 52 55 16 50 37 26 26 50 47 20 47 7 33 70 38 
28 61 58 15 62 93 6 37 11 113 51 56 37 36 56 60 86 114 57 69 35 77 95 55 88 82 42 26 58 55 56 0 55 69 20 92 17 47 8 21 62 38 38 10 67 9 61 64 74 91 
41 50 32 39 43 50 50 36 44 59 9 39 41 47 50 12 32 59 9 16 20 22 40 17 47 28 12 29 5 1 14 55 0 44 34 66 50 27 51 40 13 18 40 47 12 46 20 47 55 36 
72 92 12 59 8 29 68 72 58 81 52 82 76 81 19 55 45 81 53 38 50 52 60 26 89 60 46 49 48 44 29 69 44 0 52 24 75 24 61 48 56 52 76 59 47 63 24 8 99 56 
22 52 41 7 46 73 17 27 10 93 31 45 30 33 44 40 65 94 38 48 15 56 75 35 72 62 22 5 37 35 35 20 34 52 0 76 22 29 16 10 43 19 30 13 47 12 41 49 64 70 
96 115 36 83 30 29 91 96 81 90 75 105 101 106 37 77 56 90 75 57 74 69 70 49 107 77 69 74 70 66 52 92 66 24 76 0 99 48 84 71 77 76 100 82 66 86 45 28 122 67 
12 44 63 15 69 95 12 22 20 105 43 40 20 19 66 51 83 106 49 66 30 70 89 56 74 74 37 26 51 50 55 17 50 75 22 99 0 51 23 30 54 31 21 21 62 14 62 72 57 85 
48 70 12 36 19 46 45 49 35 80 33 60 53 58 22 39 46 80 36 31 27 44 59 13 74 52 24 25 32 28 16 47 27 24 29 48 51 0 39 26 40 29 53 37 36 40 17 22 79 54 
30 63 51 14 54 86 10 39 6 110 48 58 39 40 47 57 81 110 54 64 32 73 91 49 87 78 38 22 54 51 50 8 51 61 16 84 23 39 0 13 60 35 40 3 63 9 55 56 76 86 
32 63 37 14 41 72 20 38 10 99 39 56 40 43 36 48 68 99 45 52 24 62 79 36 81 68 28 14 44 41 37 21 40 48 10 71 30 26 13 0 50 28 41 11 52 15 42 43 75 75 
43 42 45 47 56 58 57 35 53 51 11 32 40 46 63 2 34 52 5 21 27 17 36 29 33 20 22 38 8 12 26 62 13 56 43 77 54 40 60 50 0 24 38 56 12 53 32 59 45 33 
23 41 39 22 49 66 33 20 29 75 12 31 25 30 51 21 51 76 19 34 4 39 58 27 53 43 7 14 20 18 26 38 18 52 19 76 31 29 35 28 24 0 24 32 30 29 33 52 50 54 
10 23 63 27 72 90 32 4 35 88 31 18 1 7 72 36 71 89 35 56 25 56 75 52 53 58 31 29 39 40 50 38 40 76 30 100 21 53 40 41 38 24 0 38 49 31 57 75 36 72 
28 61 48 11 52 83 10 36 3 106 44 55 37 38 46 53 77 107 51 61 28 69 87 46 84 75 35 18 50 48 47 10 47 59 13 82 21 37 3 11 56 32 38 0 60 7 52 54 73 83 
52 55 37 52 48 45 63 45 57 46 18 45 50 56 57 14 22 47 14 9 32 9 27 23 42 16 25 41 10 12 20 67 12 47 47 66 62 36 63 52 12 30 49 60 0 58 23 51 58 23 
21 54 52 6 56 85 5 30 5 104 42 49 30 31 52 50 77 105 48 60 26 67 86 47 79 73 33 17 48 46 47 9 46 63 12 86 14 40 9 15 53 29 31 7 58 0 53 59 67 82 
56 70 15 48 25 33 58 53 50 63 29 60 58 64 35 31 28 63 29 16 33 30 41 6 64 38 26 36 24 21 7 61 20 24 41 45 62 17 55 42 32 33 57 52 23 53 0 28 76 37 
70 93 14 56 3 38 63 71 53 88 54 83 76 80 11 59 52 89 56 44 50 58 67 29 93 66 46 47 51 47 33 64 47 8 49 28 72 22 56 43 59 52 75 54 51 59 28 0 101 63 
46 13 87 62 97 103 68 37 71 78 47 19 37 38 101 45 77 79 47 67 54 59 73 72 32 56 55 62 52 55 70 74 55 99 64 122 57 79 76 75 45 50 36 73 58 67 76 101 0 72 
75 73 51 76 60 40 87 68 80 25 42 64 73 79 71 35 11 26 36 23 56 15 4 40 46 16 49 65 34 35 38 91 36 56 70 67 85 54 86 75 33 54 72 83 23 82 37 63 72 0 
153 153 138 168 172 172 162 154 165 166 
141 174 162 141 174 136 175 165 154 168 
157 141 166 136 172 177 175 166 162 171 
178 135 145 139 169 138 177 154 159 163 
141 168 157 168 177 153 169 174 139 147 
163 163 154 151 166 148 150 165 136 178 
156 138 135 166 144 172 172 141 147 154 
171 153 144 151 144 144 171 136 139 177 
148 169 162 169 141 150 139 157 135 144 
156 159 148 159 148 157 151 144 165 163 
166 159 139 178 177 148 144 169 153 150 
166 166 141 150 159 148 166 166 172 168 
175 151 150 145 175 165 171 150 175 156 
135 162 136 141 162 135 157 172 171 177 
144 157 165 151 175 145 166 162 135 162 
153 177 135 168 144 175 156 135 147 151 
159 148 136 163 157 163 163 136 159 154 
178 171 135 166 144 175 178 177 160 136 
159 178 178 159 169 145 157 145 148 171 
165 174 142 166 157 165 153 142 168 135 
165 169 171 166 157 135 162 157 135 145 
159 159 147 160 141 136 174 165 151 144 
159 139 141 166 172 165 154 148 175 144 
148 163 178 141 150 157 141 135 136 144 
145 163 168 159 147 175 163 141 162 138 
151 141 142 159 175 135 145 150 150 144 
160 166 172 162 172 145 141 136 145 145 
145 159 175 135 139 144 178 171 151 162 
175 171 169 138 151 166 141 163 138 157 
175 163 147 168 147 141 135 156 144 147 
168 154 172 165 157 135 175 157 174 148 
139 169 139 177 175 157 165 136 144 171 
163 139 154 177 175 171 139 175 148 150 
145 138 171 141 171 150 144 166 172 139 
135 135 174 144 135 171 168 166 177 177 
157 162 139 135 160 135 172 165 178 144 
135 147 147 172 154 139 144 163 172 139 
171 175 142 166 141 144 159 175 177 157 
174 156 139 135 157 166 136 151 153 139 
162 156 151 175 150 174 136 162 160 175 
166 153 174 175 141 136 141 166 177 139 
145 174 162 153 177 141 141 135 159 160 
141 141 136 160 141 154 157 144 136 138 
141 171 157 136 166 166 139 175 154 138 
135 168 135 163 144 177 172 151 135 153 
135 141 162 139 168 168 159 145 135 163 
150 142 154 175 147 144 163 154 141 141 
160 144 174 162 174 141 159 168 157 159 
144 159 166 171 165 157 163 148 169 163 
177 141 174 154 139 144 166 169 163 174 
18 16 15 17 17 15 15 18 17 15 
1 1 1 1 1 1 1 1 1 1 
20 20 21 19 20 22 22 22 20 23 
13 12 13 14 14 12 14 12 12 13 
11 11 12 12 12 11 11 11 11 12 
21 21 23 19 22 19 23 21 23 20 
5 5 5 5 5 5 5 5 6 5 
11 10 11 10 11 11 11 11 11 11 
17 17 17 17 17 16 18 18 18 18 
1 1 1 1 1 1 1 1 1 1 
3 3 3 3 3 3 3 3 3 3 
8 8 8 9 9 9 9 8 9 8 
7 6 6 6 6 7 7 6 6 7 
1 1 1 1 1 1 1 1 1 1 
9 8 9 8 9 8 8 9 8 8 
6 6 6 6 6 7 7 6 6 6 
12 11 10 10 10 12 11 11 11 11 
8 8 7 7 7 7 7 8 8 7 
7 6 6 6 6 7 6 6 6 7 
19 19 18 16 16 18 16 19 16 19 
19 19 18 19 16 19 19 18 18 19 
22 20 23 19 22 19 19 19 20 19 
13 13 15 15 14 13 13 15 13 14 
9 9 8 8 9 8 8 9 8 8 
12 13 12 12 11 12 12 11 12 11 
19 23 20 19 21 23 19 23 22 20 
18 19 18 19 17 17 20 19 17 20 
2 2 2 2 2 2 2 2 2 2 
18 18 19 20 18 18 20 19 22 19 
1 1 1 1 1 1 1 1 1 1 
5 5 5 5 5 5 5 5 5 5 
20 19 18 17 17 19 18 19 20 18 
15 17 17 18 18 16 18 16 15 16 
20 19 20 17 17 18 19 18 20 20 
7 7 6 6 7 7 6 6 6 6 
10 9 9 9 9 9 10 9 10 9 
11 11 12 11 11 12 12 10 11 11 
2 2 2 2 2 2 2 2 2 2 
2 2 2 2 2 2 2 2 2 2 
6 6 6 6 6 7 6 6 6 6 
22 20 22 21 19 19 19 21 20 19 
14 14 16 15 15 14 14 14 14 16 
14 13 14 15 14 14 15 14 14 13 
14 15 15 17 17 16 14 14 14 15 
4 4 4 4 4 4 4 4 4 4 
15 18 17 16 17 15 18 17 17 16 
12 11 12 11 11 10 10 12 10 11 
12 11 13 11 11 11 11 12 11 12 
16 15 15 15 16 14 15 16 14 14 
10 12 12 10 11 11 10 11 11 11 
1 0 0 0 0 1 0 0 0 0 
1 1 1 1 1 1 1 1 1 1 
1 1 0 1 1 1 1 1 1 1 
1 1 1 1 1 1 0 1 1 1 
0 1 1 1 1 1 1 1 1 0 
1 1 0 0 1 1 1 0 1 0 
1 1 1 1 1 1 1 1 1 1 
0 1 0 0 0 1 0 0 0 1 
1 1 0 0 0 1 0 1 1 1 
1 1 0 1 1 1 0 1 0 0 
0 1 1 1 1 0 0 1 1 1 
1 1 1 0 0 1 1 1 1 1 
1 0 0 0 1 1 0 1 0 0 
1 1 1 1 1 0 0 1 1 0 
1 0 0 1 0 0 0 0 0 0 
1 0 0 1 0 0 0 0 1 0 
0 0 0 0 0 0 1 0 0 0 
1 1 0 0 0 0 0 0 0 0 
0 1 1 0 0 0 0 0 0 1 
0 0 1 1 0 0 0 0 1 1 
0 0 1 1 1 1 1 1 1 0 
0 0 1 0 0 0 0 0 0 0 
1 0 1 1 1 1 1 1 1 1 
1 0 0 1 0 1 0 0 0 1 
0 1 1 0 1 1 0 0 1 0 
1 1 1 1 1 1 1 1 1 1 
0 0 1 1 1 0 0 0 1 0 
1 1 1 1 0 0 1 1 1 1 
1 1 1 1 1 0 1 1 1 0 
0 0 0 1 0 1 0 0 1 1 
1 1 1 1 1 0 0 0 0 0 
0 0 0 1 0 1 1 1 1 0 
0 0 1 0 1 0 0 1 0 0 
1 1 0 1 1 1 0 0 0 0 
0 0 0 0 1 0 0 0 0 0 
0 1 0 1 1 1 1 0 0 0 
0 0 0 0 0 0 1 0 0 0 
0 1 0 0 1 0 0 1 0 0 
0 0 1 1 0 0 0 0 0 0 
0 0 1 0 0 0 0 0 0 0 
1 1 1 1 1 1 1 1 1 1 
1 1 1 0 1 1 1 1 1 1 
0 0 0 0 0 0 1 0 0 0 
1 1 0 0 1 1 0 0 1 1 
1 1 1 0 1 0 1 0 1 1 
1 0 0 0 0 0 0 1 1 1 
0 1 0 1 1 0 1 1 0 1 
0 1 1 0 0 0 0 1 1 0 
1 1 1 1 1 1 1 1 0 1 
1 1 1 1 1 1 1 1 0 1 
0 0 0 1 0 0 0 0 0 0 
1 0 1 0 1 0 0 1 0 1 
0 0 0 0 0 0 0 0 0 0 
0 0 0 0 1 1 0 0 0 0 
0 0 1 0 1 0 0 1 1 0 
0 0 1 0 0 0 0 0 0 0 
1 1 0 1 1 1 1 1 1 1 
1 1 1 1 1 1 1 1 1 1 
0 0 0 0 0 0 0 0 0 0 
0 1 0 1 1 0 0 0 0 1 
1 0 1 0 1 1 0 1 1 1 
1 0 1 1 0 0 0 0 1 0 
0 0 0 0 0 0 0 0 0 0 
0 1 1 1 1 1 1 1 1 1 
0 0 0 0 0 0 0 0 0 0 
0 0 0 0 1 0 0 1 0 0 
0 0 0 1 1 1 1 0 1 1 
1 0 1 1 1 0 0 1 1 0 
1 1 1 1 1 1 1 1 1 1 
0 0 0 0 0 0 0 0 1 0 
1 1 0 1 1 1 1 0 0 0 
0 1 0 0 1 1 1 1 1 1 
0 0 1 1 0 0 1 0 1 1 
1 1 0 0 0 0 0 0 1 0 
0 0 1 0 1 1 1 1 0 0 
0 0 1 0 0 1 0 1 1 0 
0 0 0 1 0 1 1 1 0 1 
0 1 0 1 0 0 0 0 1 0 
0 0 1 0 0 0 0 0 0 0 
1 1 1 1 1 0 1 1 1 1 
1 1 1 1 0 1 0 1 1 1 
0 0 0 0 1 0 0 0 0 0 
0 0 0 0 0 0 0 0 0 0 
0 0 1 0 0 1 1 0 1 0 
0 0 0 0 0 0 0 0 0 0 
0 0 0 1 1 1 0 1 0 0 
1 1 1 1 0 0 1 1 1 1 
0 0 0 0 0 0 0 0 0 0 
0 1 1 1 1 1 0 0 1 1 
0 1 1 0 1 1 0 1 1 1 
1 1 1 1 0 1 1 0 0 1 
1 0 0 0 0 0 0 0 1 0 
0 0 0 0 0 0 0 0 0 0 
0 0 0 0 0 0 0 0 0 0 
1 1 1 1 1 0 1 1 1 1 
0 1 0 0 0 0 0 0 0 0 
1 1 1 1 1 0 1 1 0 0 
1 1 0 1 1 1 1 0 0 0 
1 1 1 1 1 1 1 1 1 1 
0 0 0 0 0 0 0 0 0 0 
0.2
0.2
0.2
0.2
0.2
0.2
0.2
0.2
0.2
0.2
